1600.0 0.176516 -0.432552 0.557512 -1.07925 0.319764 -2.65022 0.182364 -0.352929 0.104596 -1.9239 0.0596519 0.373387 0.0596519 0.373387 0.0342136 -1.19758 1600.0 0.0196234 -2.76855
1598.93 0.170608 -0.380254 0.570846 -4.09173 0.335718 -5.66271 0.196265 -0.198025 0.115425 -1.76901 0.0674787 -2.58751 0.0674787 -2.58751 0.0396846 -4.1585 1599.89 0.0199699 -2.43633
1597.87 0.167575 -0.32948 0.584703 -7.10421 0.352333 -8.67521 0.211035 -0.0431242 0.127166 -1.61413 0.0761681 -5.54841 0.0761681 -5.54841 0.0458977 -7.11941 1599.79 0.0203218 -2.1041
1596.81 0.167408 -0.278671 0.599116 -10.1167 0.369639 -11.6877 0.226722 0.111775 0.139881 -1.45925 0.0857977 -8.50931 0.0857977 -8.50931 0.052935 -10.0803 1599.68 0.0206792 -1.77188
1595.74 0.170089 -0.226199 0.614119 -13.1292 0.387669 -14.7002 0.243377 0.266671 0.153634 -1.30436 0.0964509 -11.4702 0.0964509 -11.4702 0.0608857 -13.0412 1599.57 0.021042 -1.43965
1594.68 0.175388 -0.170326 0.628812 -16.1415 0.405855 -17.7126 0.260588 0.421748 0.168192 -1.14929 0.107991 -14.4309 0.107991 -14.4309 0.0697009 -16.0019 1599.47 0.0214104 -1.10743
1593.63 0.182928 -0.109436 0.64188 -19.1536 0.4233 -20.7246 0.277648 0.577262 0.1831 -0.993754 0.120098 -17.391 0.120098 -17.391 0.0792007 -18.962 1599.36 0.0217845 -0.775201
1592.57 0.193091 -0.0430556 0.6555 -22.1656 0.441394 -23.7366 0.295626 0.732777 0.199066 -0.838217 0.133326 -20.3511 0.133326 -20.3511 0.0897775 -21.9221 1599.25 0.0221643 -0.442975
1591.51 0.205798 0.0294059 0.669705 -25.1776 0.460166 -26.7486 0.31457 0.888293 0.216147 -0.682678 0.147758 -23.3113 0.147758 -23.3113 0.101527 -24.8822 1599.15 0.0225499 -0.11075
1590.46 0.220967 0.108221 0.684526 -28.1897 0.47965 -29.7606 0.334525 1.04381 0.234403 -0.527139 0.163481 -26.2714 0.163481 -26.2714 0.114552 -27.8423 1599.04 0.0229414 0.221475
1589.4 0.237766 0.193932 0.697785 -31.2014 0.498279 -32.7724 0.354174 1.19961 0.252911 -0.371321 0.179768 -29.2312 0.179768 -29.2312 0.12837 -30.8021 1598.93 0.0233388 0.5537
1588.35 0.25608 0.286177 0.709913 -34.213 0.516297 -35.784 0.373677 1.35563 0.271763 -0.21529 0.196692 -32.1907 0.196692 -32.1907 0.143048 -33.7617 1598.83 0.0237422 0.885925
1587.3 0.276324 0.384227 0.722604 -37.2246 0.534911 -38.7955 0.394064 1.51165 0.291707 -0.0592569 0.214898 -35.1503 0.214898 -35.1503 0.159079 -36.7212 1598.72 0.0241517 1.21815
1586.25 0.298393 0.487714 0.735888 -40.2362 0.554148 -41.8071 0.415374 1.66767 0.31279 0.0967774 0.234459 -38.1098 0.234459 -38.1098 0.176555 -39.6807 1598.61 0.0245675 1.55038
1585.2 0.322188 0.596238 0.749793 -43.2478 0.574035 -44.8187 0.437647 1.8237 0.335059 0.252813 0.255451 -41.0694 0.255451 -41.0694 0.195571 -42.6403 1598.51 0.0249894 1.8826
1584.16 0.345946 0.709583 0.761007 -46.2594 0.592 -47.8303 0.458507 1.97975 0.35668 0.408857 0.27625 -44.0289 0.27625 -44.0289 0.2149 -45.5998 1598.4 0.0254177 2.21483
1583.11 0.370559 0.827164 0.771971 -49.2709 0.60986 -50.8418 0.479571 2.1358 0.378863 0.564902 0.297924 -46.9885 0.297924 -46.9885 0.235361 -48.5594 1598.3 0.0258525 2.54705
1582.07 0.396314 0.948577 0.783512 -52.2824 0.628252 -53.8533 0.501433 2.29185 0.402069 0.720946 0.320908 -49.948 0.320908 -49.948 0.257317 -51.5189 1598.19 0.0262937 2.87928
1581.03 0.423134 1.07349 0.795656 -55.294 0.6472 -56.8649 0.524123 2.4479 0.42633 0.876988 0.345256 -52.9076 0.345256 -52.9076 0.280837 -54.4785 1598.08 0.0267415 3.2115
1579.99 0.450926 1.20162 0.808383 -58.3055 0.66669 -59.8764 0.547636 2.60395 0.451647 1.03303 0.370994 -55.8671 0.370994 -55.8671 0.305966 -57.438 1597.98 0.027196 3.54373
1578.95 0.47728 1.33301 0.818005 -61.3169 0.683655 -62.8878 0.568923 2.76023 0.475482 1.1893 0.395686 -58.8264 0.395686 -58.8264 0.330698 -60.3973 1597.87 0.0276572 3.87595
1577.91 0.504239 1.46708 0.82821 -64.3282 0.701087 -65.8991 0.590887 2.91651 0.500191 1.34556 0.421569 -61.7857 0.421569 -61.7857 0.356862 -63.3566 1597.76 0.0281252 4.20818
1576.87 0.531771 1.6036 0.839025 -67.3395 0.719006 -68.9105 0.613555 3.07278 0.525789 1.50182 0.448676 -64.745 0.448676 -64.745 0.384495 -66.3159 1597.66 0.0286002 4.5404
1575.84 0.559859 1.74237 0.850471 -70.3509 0.737435 -71.9219 0.636952 3.22906 0.552295 1.65808 0.477039 -67.7043 0.477039 -67.7043 0.413636 -69.2752 1597.55 0.0290822 4.87263
1574.8 0.587853 1.88337 0.861751 -73.3621 0.755679 -74.9331 0.660356 3.38548 0.579073 1.81448 0.506028 -70.6634 0.506028 -70.6634 0.443742 -72.2344 1597.44 0.0295712 5.20485
1573.77 0.613456 2.02692 0.870145 -76.3728 0.771332 -77.9438 0.681208 3.54249 0.603851 1.97148 0.533296 -73.6218 0.533296 -73.6218 0.472735 -75.1928 1597.34 0.0300675 5.53708
1572.74 0.639291 2.17222 0.879145 -79.3836 0.787396 -80.9546 0.702605 3.6995 0.62928 2.12848 0.561515 -76.5803 0.561515 -76.5803 0.502914 -78.1513 1597.23 0.030571 5.8693
1571.71 0.665384 2.31912 0.888772 -82.3943 0.803887 -83.9653 0.724564 3.85651 0.655363 2.28547 0.590695 -79.5387 0.590695 -79.5387 0.534279 -81.1097 1597.13 0.0310818 6.20153
1570.68 0.691771 2.4675 0.899047 -85.405 0.820826 -86.9761 0.747106 4.01353 0.682104 2.44247 0.620843 -82.4971 0.620843 -82.4971 0.566826 -84.0682 1597.02 0.0316002 6.53375
1569.65 0.716867 2.61738 0.908232 -88.4156 0.836612 -89.9866 0.768467 4.17074 0.707869 2.59969 0.65021 -85.4553 0.65021 -85.4553 0.598937 -87.0264 1596.91 0.032126 6.86598
1568.63 0.738916 2.76881 0.914588 -91.4258 0.849597 -92.9969 0.78677 4.32836 0.730862 2.75732 0.676816 -88.413 0.676816 -88.413 0.628721 -89.984 1596.81 0.0326595 7.1982
1567.6 0.761059 2.92134 0.921557 -94.4361 0.862916 -96.0071 0.805434 4.48598 0.754182 2.91496 0.703943 -91.3707 0.703943 -91.3707 0.659149 -92.9417 1596.7 0.0332007 7.53043
1566.58 0.783351 3.07489 0.929156 -97.4464 0.876583 -99.0174 0.824469 4.64359 0.777819 3.0726 0.731577 -94.3283 0.731577 -94.3283 0.690183 -95.8993 1596.59 0.0337497 7.86266
1565.56 0.805846 3.22934 0.937401 -100.457 0.890613 -102.028 0.843888 4.80121 0.801768 3.23023 0.759704 -97.286 0.759704 -97.286 0.721785 -98.857 1596.49 0.0343066 8.19488
1564.54 0.826216 3.38471 0.943949 -103.467 0.902719 -105.038 0.861045 4.95896 0.823436 3.38801 0.785421 -100.244 0.785421 -100.244 0.751115 -101.814 1596.38 0.0348716 8.52711
1563.52 0.843826 3.54093 0.948285 -106.477 0.91235 -108.048 0.875241 5.11688 0.842074 3.54597 0.807823 -103.201 0.807823 -103.201 0.777212 -104.772 1596.28 0.0354446 8.85933
1562.5 0.861513 3.69776 0.953244 -109.487 0.922253 -111.058 0.889626 5.2748 0.860703 3.70392 0.830253 -106.158 0.830253 -106.158 0.80326 -107.729 1596.17 0.0360258 9.19156
1561.48 0.879311 3.85512 0.958839 -112.497 0.932437 -114.068 0.904206 5.43271 0.879308 3.86187 0.852686 -109.115 0.852686 -109.115 0.829206 -110.686 1596.06 0.0366154 9.52378
1560.47 0.897247 4.01292 0.965081 -115.507 0.942912 -117.078 0.918988 5.59063 0.897877 4.01982 0.875096 -112.073 0.875096 -112.073 0.854994 -113.644 1595.96 0.0372133 9.85601
1559.45 0.912181 4.17131 0.969168 -118.517 0.950911 -120.088 0.930707 5.74868 0.913175 4.17787 0.893772 -115.03 0.893772 -115.03 0.876936 -116.601 1595.85 0.0378198 10.1882
1558.44 0.924412 4.33018 0.971476 -121.527 0.956774 -123.098 0.939719 5.90685 0.925498 4.33601 0.909 -117.987 0.909 -117.987 0.895244 -119.558 1595.74 0.0384348 10.5205
1557.43 0.93659 4.48925 0.974415 -124.536 0.962868 -126.107 0.948798 6.06502 0.937554 4.49416 0.923854 -120.944 0.923854 -120.944 0.912906 -122.515 1595.64 0.0390586 10.8527
1556.42 0.948698 4.64843 0.977993 -127.546 0.969198 -129.117 0.957947 6.22319 0.949333 4.6523 0.938312 -123.901 0.938312 -123.901 0.929875 -125.472 1595.53 0.0396911 11.1849
1555.41 0.9607 4.80766 0.982216 -130.556 0.975771 -132.127 0.967169 6.38136 0.960824 4.81044 0.952353 -126.858 0.952353 -126.858 0.946105 -128.429 1595.43 0.0403326 11.5171
1554.4 0.96874 4.96703 0.983946 -133.566 0.979539 -135.136 0.972874 6.53968 0.968516 4.96872 0.961926 -129.815 0.961926 -129.815 0.957617 -131.386 1595.32 0.0409831 11.8494
1553.4 0.973845 5.12641 0.984146 -136.575 0.98142 -138.146 0.97612 6.69809 0.973417 5.1271 0.968161 -132.772 0.968161 -132.772 0.96548 -134.343 1595.21 0.0416427 12.1816
1552.39 0.978554 5.28565 0.984983 -139.585 0.983517 -141.156 0.979378 6.8565 0.97792 5.28547 0.973804 -135.729 0.973804 -135.729 0.972354 -137.3 1595.11 0.0423115 12.5138
1551.39 0.982789 5.44468 0.986461 -142.594 0.985832 -144.165 0.982646 7.01491 0.982019 5.44384 0.978846 -138.686 0.978846 -138.686 0.978222 -140.257 1595.0 0.0429897 12.846
1550.39 0.98646 5.60345 0.988583 -145.604 0.988367 -147.175 0.985928 7.17332 0.985712 5.60221 0.98328 -141.643 0.98328 -141.643 0.983065 -143.214 1594.9 0.0436473 13.1783
1549.39 0.985912 5.76213 0.988388 -148.613 0.988161 -150.184 0.985674 7.33205 0.985448 5.76094 0.982968 -144.599 0.982968 -144.599 0.982743 -146.17 1594.79 0.0443128 13.5107
1548.39 0.982347 5.92059 0.986969 -151.622 0.986304 -153.193 0.983189 7.49099 0.982527 5.91991 0.979424 -147.555 0.979424 -147.555 0.978764 -149.126 1594.68 0.0449871 13.843
1547.39 0.977905 6.07864 0.986196 -154.631 0.984665 -156.202 0.980712 7.64993 0.97919 6.07887 0.975259 -150.511 0.975259 -150.511 0.973746 -152.082 1594.58 0.0456702 14.1753
1546.39 0.972479 6.23627 0.986067 -157.64 0.983244 -159.212 0.978242 7.80886 0.975441 6.23783 0.970479 -153.467 0.970479 -153.467 0.967701 -155.038 1594.47 0.0463622 14.5076
1545.4 0.96596 6.39342 0.986582 -160.65 0.982038 -162.221 0.975778 7.96779 0.971284 6.39679 0.965092 -156.424 0.965092 -156.424 0.960647 -157.995 1594.37 0.0470632 14.8399
1544.4 0.954586 6.55063 0.984535 -163.658 0.977803 -165.229 0.969425 8.12727 0.962797 6.55629 0.954547 -159.379 0.954547 -159.379 0.94802 -160.95 1594.26 0.0477733 15.1722
1543.41 0.939607 6.70768 0.981017 -166.667 0.971662 -168.238 0.960553 8.28713 0.951393 6.71617 0.940516 -162.334 0.940516 -162.334 0.931547 -163.905 1594.15 0.0484926 15.5045
1542.42 0.923382 6.86416 0.978146 -169.675 0.96576 -171.246 0.951749 8.44698 0.939697 6.87604 0.926064 -165.289 0.926064 -165.289 0.914338 -166.86 1594.05 0.0492212 15.8368
1541.43 0.905834 7.02006 0.975913 -172.684 0.960091 -174.255 0.943008 8.60684 0.927719 7.03592 0.911213 -168.244 0.911213 -168.244 0.896439 -169.815 1593.94 0.0499591 16.1691
1540.44 0.886893 7.17537 0.974314 -175.692 0.954649 -177.263 0.934328 8.76671 0.915469 7.1958 0.895982 -171.199 0.895982 -171.199 0.877898 -172.77 1593.84 0.0507066 16.5014
1539.45 0.86274 7.33034 0.969788 -178.7 0.945985 -180.271 0.921691 8.92682 0.899068 7.35591 0.875978 -174.154 0.875978 -174.154 0.854477 -175.725 1593.73 0.0514637 16.8338
1538.46 0.834413 7.48489 0.963105 -181.708 0.934889 -183.279 0.906074 9.08714 0.879529 7.51622 0.852421 -177.109 0.852421 -177.109 0.827448 -178.68 1593.63 0.0522304 17.1661
1537.48 0.804961 7.63878 0.957072 -184.716 0.924096 -186.287 0.890685 9.24745 0.859997 7.67652 0.828903 -180.063 0.828903 -180.063 0.800344 -181.634 1593.52 0.053007 17.4984
1536.49 0.774391 7.79198 0.951675 -187.724 0.913595 -189.295 0.875515 9.40777 0.840483 7.83683 0.80545 -183.018 0.80545 -183.018 0.773222 -184.589 1593.41 0.0537934 17.8307
1535.51 0.742726 7.94449 0.946904 -190.732 0.903376 -192.303 0.860558 9.56809 0.821 7.99714 0.782086 -185.972 0.782086 -185.972 0.746135 -187.543 1593.31 0.0545898 18.163
1534.53 0.707655 8.09617 0.940197 -193.74 0.891002 -195.311 0.843045 9.72835 0.798933 8.1574 0.755931 -188.927 0.755931 -188.927 0.716378 -190.498 1593.2 0.0553963 18.4953
1533.55 0.669394 8.247 0.931407 -196.748 0.87638 -198.319 0.82293 9.88852 0.774312 8.31759 0.727087 -191.882 0.727087 -191.882 0.684131 -193.453 1593.1 0.0562131 18.8276
1532.57 0.630671 8.39704 0.92327 -199.756 0.862134 -201.327 0.803225 10.0487 0.750038 8.47777 0.698789 -194.836 0.698789 -194.836 0.652517 -196.407 1592.99 0.0570401 19.1599
1531.59 0.591591 8.54627 0.915768 -202.765 0.848248 -204.335 0.783917 10.2088 0.72612 8.63796 0.671051 -197.791 0.671051 -197.791 0.621575 -199.362 1592.89 0.0578775 19.4922
1530.61 0.552275 8.69466 0.908884 -205.773 0.834709 -207.344 0.764995 10.369 0.702563 8.79814 0.643885 -200.746 0.643885 -200.746 0.591337 -202.317 1592.78 0.0587255 19.8246
1529.64 0.51175 8.84226 0.901078 -208.781 0.820092 -210.352 0.744895 10.5293 0.677947 8.95843 0.615784 -203.7 0.615784 -203.7 0.560439 -205.271 1592.67 0.0595841 20.1569
1528.66 0.469693 8.98907 0.891341 -211.789 0.803507 -213.359 0.722695 10.6898 0.65148 9.11892 0.585958 -206.655 0.585958 -206.655 0.528217 -208.226 1592.57 0.0604534 20.4892
1527.69 0.428266 9.13482 0.882245 -214.796 0.787352 -216.367 0.701053 10.8503 0.625649 9.27941 0.557073 -209.609 0.557073 -209.609 0.497155 -211.18 1592.46 0.0613336 20.8215
1526.72 0.38764 9.27943 0.873769 -217.804 0.771609 -219.375 0.67995 11.0108 0.600451 9.4399 0.529124 -212.564 0.529124 -212.564 0.46726 -214.134 1592.36 0.0622247 21.1538
1525.75 0.347996 9.4228 0.865892 -220.812 0.756259 -222.383 0.659369 11.1713 0.575885 9.60038 0.502104 -215.518 0.502104 -215.518 0.438531 -217.089 1592.25 0.0631268 21.4861
1524.78 0.309041 9.56491 0.857481 -223.82 0.740358 -225.391 0.638353 11.3321 0.55116 9.76107 0.475222 -218.472 0.475222 -218.472 0.410312 -220.043 1592.15 0.0640402 21.8184
1523.81 0.27013 9.70582 0.845952 -226.827 0.721813 -228.398 0.614833 11.4935 0.524609 9.92246 0.446856 -221.425 0.446856 -221.425 0.381283 -222.996 1592.04 0.0649648 22.1507
1522.84 0.233253 9.84483 0.835061 -229.834 0.703782 -231.405 0.592049 11.655 0.498974 10.0838 0.419757 -224.379 0.419757 -224.379 0.353767 -225.95 1591.93 0.0659008 22.483
1521.88 0.198577 9.98156 0.824783 -232.84 0.686244 -234.412 0.569977 11.8164 0.474237 10.2452 0.393889 -227.332 0.393889 -227.332 0.327727 -228.903 1591.83 0.0668484 22.8153
1520.91 0.166264 10.1155 0.815095 -235.847 0.669176 -237.419 0.54859 11.9779 0.450381 10.4066 0.369222 -230.285 0.369222 -230.285 0.303123 -231.857 1591.72 0.0678075 23.1477
1519.95 0.136419 10.246 0.805709 -238.854 0.652344 -240.426 0.527656 12.1394 0.427218 10.5681 0.34556 -233.239 0.34556 -233.239 0.279784 -234.81 1591.62 0.0687784 23.48
1518.99 0.108445 10.3722 0.792166 -241.861 0.632192 -243.432 0.503778 12.3016 0.402042 10.7304 0.320377 -236.191 0.320377 -236.191 0.255679 -237.762 1591.51 0.0697612 23.8123
1518.03 0.0836415 10.4922 0.779268 -244.867 0.61266 -246.439 0.480821 12.4638 0.378021 10.8927 0.296674 -239.143 0.296674 -239.143 0.233245 -240.714 1591.41 0.0707559 24.1446
1517.07 0.0620877 10.6031 0.766985 -247.874 0.593721 -249.445 0.458749 12.626 0.355116 11.055 0.274387 -242.095 0.274387 -242.095 0.212402 -243.666 1591.3 0.0717627 24.4769
1516.11 0.0438484 10.7003 0.75529 -250.88 0.575348 -252.451 0.437529 12.7883 0.333291 11.2173 0.253454 -245.047 0.253454 -245.047 0.19307 -246.618 1591.2 0.0727818 24.8092
1515.15 0.0289749 10.7747 0.744155 -253.887 0.557517 -255.458 0.417125 12.9505 0.312508 11.3796 0.233814 -248.0 0.233814 -248.0 0.175172 -249.57 1591.09 0.0738131 25.1415
1514.2 0.0173234 10.8065 0.729906 -256.893 0.537358 -258.464 0.394925 13.113 0.290745 11.5422 0.21368 -250.951 0.21368 -250.951 0.157311 -252.522 1590.98 0.0748569 25.4738
1513.24 0.00922154 10.7508 0.715606 -259.899 0.517357 -261.47 0.373265 13.2756 0.269857 11.7048 0.194698 -253.903 0.194698 -253.903 0.14076 -255.474 1590.88 0.0759133 25.8061
1512.29 0.00466652 10.5057 0.701919 -262.906 0.498034 -264.476 0.352609 13.4381 0.250187 11.8674 0.177133 -256.855 0.177133 -256.855 0.125682 -258.426 1590.77 0.0769823 26.1384
1511.34 0.00358881 10.0027 0.688816 -265.912 0.479361 -267.483 0.332913 13.6006 0.231681 12.03 0.160901 -259.807 0.160901 -259.807 0.111974 -261.378 1590.67 0.0780642 26.4708
1510.38 0.00590286 9.58575 0.676267 -268.918 0.46131 -270.489 0.314135 13.7632 0.214285 12.1926 0.14592 -262.759 0.14592 -262.759 0.0995384 -264.33 1590.56 0.079159 26.8031
1509.43 0.0115181 9.42937 0.661935 -271.924 0.442359 -273.495 0.295057 13.9256 0.197181 12.355 0.131521 -265.711 0.131521 -265.711 0.0878931 -267.282 1590.46 0.0802668 27.1354
1508.49 0.0202766 9.41348 0.646661 -274.93 0.423123 -276.501 0.276206 14.0881 0.180727 12.5173 0.117975 -268.663 0.117975 -268.663 0.0771935 -270.234 1590.35 0.0813878 27.4677
1507.54 0.0319854 9.4613 0.632004 -277.936 0.404622 -279.507 0.258379 14.2505 0.16542 12.6796 0.105632 -271.616 0.105632 -271.616 0.067628 -273.187 1590.25 0.0825222 27.8
1506.59 0.046451 9.54076 0.61793 -280.942 0.386825 -282.513 0.241525 14.4129 0.151195 12.8419 0.0944028 -274.568 0.0944028 -274.568 0.0590962 -276.139 1590.14 0.0836699 28.1323
1505.65 0.063472 9.63761 0.604407 -283.948 0.369699 -285.52 0.225595 14.5754 0.13799 13.0043 0.084203 -277.52 0.084203 -277.52 0.0515046 -279.091 1590.04 0.0848313 28.4646
1504.7 0.082742 9.74483 0.590456 -286.954 0.352681 -288.526 0.210172 14.738 0.125536 13.1668 0.0748105 -280.472 0.0748105 -280.472 0.0446845 -282.043 1589.93 0.0859599 28.797
1503.76 0.103809 9.85862 0.57503 -289.96 0.335222 -291.531 0.194888 14.901 0.113613 13.3298 0.0660509 -283.424 0.0660509 -283.424 0.0385053 -284.995 1589.83 0.0870769 29.1293
1502.82 0.126585 9.97653 0.560201 -292.966 0.318502 -294.537 0.180549 15.0639 0.102651 13.4927 0.05819 -286.375 0.05819 -286.375 0.0330839 -287.946 1589.72 0.088206 29.4617
1501.88 0.150828 10.0971 0.545933 -295.972 0.302486 -297.543 0.167104 15.2269 0.0925879 13.6557 0.0511488 -289.327 0.0511488 -289.327 0.0283402 -290.898 1589.61 0.0893474 29.7941
1500.94 0.176301 10.2195 0.532194 -298.978 0.287144 -300.549 0.154503 15.3899 0.0833617 13.8187 0.0448543 -292.278 0.0448543 -292.278 0.024201 -293.849 1589.51 0.0905011 30.1264
                 1589.4 0.0916672 30.4588
                 1589.3 0.0928458 30.7912
                 1589.19 0.0940371 31.1235
                 1589.09 0.0952411 31.4559
                 1588.98 0.0964579 31.7883
                 1588.88 0.0976876 32.1206
                 1588.77 0.0989304 32.453
                 1588.67 0.100186 32.7854
                 1588.56 0.101456 33.1177
                 1588.46 0.102738 33.4501
                 1588.35 0.104034 33.7825
                 1588.25 0.105344 34.1148
                 1588.14 0.106667 34.4472
                 1588.04 0.108004 34.7796
                 1587.93 0.109355 35.1119
                 1587.83 0.11072 35.4443
                 1587.72 0.112099 35.7767
                 1587.62 0.113492 36.109
                 1587.51 0.1149 36.4414
                 1587.41 0.116322 36.7738
                 1587.3 0.117759 37.1061
                 1587.2 0.11921 37.4385
                 1587.09 0.120676 37.7709
                 1586.99 0.122158 38.1032
                 1586.88 0.123654 38.4356
                 1586.78 0.125165 38.768
                 1586.67 0.126691 39.1003
                 1586.57 0.128233 39.4327
                 1586.46 0.12979 39.7651
                 1586.36 0.131363 40.0974
                 1586.25 0.132952 40.4298
                 1586.15 0.134556 40.7621
                 1586.04 0.136176 41.0945
                 1585.94 0.137813 41.4269
                 1585.83 0.139465 41.7592
                 1585.73 0.141134 42.0916
                 1585.62 0.14282 42.424
                 1585.52 0.144521 42.7563
                 1585.41 0.14624 43.0887
                 1585.31 0.147975 43.4211
                 1585.2 0.149727 43.7534
                 1585.1 0.151496 44.0858
                 1585.0 0.153277 44.4182
                 1584.89 0.154962 44.7505
                 1584.79 0.156662 45.0829
                 1584.68 0.158376 45.4153
                 1584.58 0.160105 45.7476
                 1584.47 0.16185 46.08
                 1584.37 0.163609 46.4124
                 1584.26 0.165384 46.7447
                 1584.16 0.167174 47.0771
                 1584.05 0.168979 47.4094
                 1583.95 0.1708 47.7418
                 1583.84 0.172637 48.0742
                 1583.74 0.174489 48.4065
                 1583.64 0.176357 48.7389
                 1583.53 0.178241 49.0713
                 1583.43 0.18014 49.4036
                 1583.32 0.182056 49.736
                 1583.22 0.183988 50.0683
                 1583.11 0.185936 50.4007
                 1583.01 0.1879 50.7331
                 1582.9 0.189881 51.0654
                 1582.8 0.191878 51.3978
                 1582.7 0.193892 51.7302
                 1582.59 0.195922 52.0625
                 1582.49 0.197969 52.3949
                 1582.38 0.200033 52.7272
                 1582.28 0.202114 53.0596
                 1582.17 0.204212 53.392
                 1582.07 0.206327 53.7243
                 1581.97 0.208459 54.0567
                 1581.86 0.210609 54.3891
                 1581.76 0.212776 54.7214
                 1581.65 0.21496 55.0538
                 1581.55 0.217162 55.3861
                 1581.44 0.219381 55.7185
                 1581.34 0.221618 56.0509
                 1581.24 0.223874 56.3832
                 1581.13 0.226146 56.7156
                 1581.03 0.228437 57.048
                 1580.92 0.230747 57.3803
                 1580.82 0.233074 57.7127
                 1580.72 0.235419 58.045
                 1580.61 0.237783 58.3774
                 1580.51 0.240165 58.7098
                 1580.4 0.242566 59.0421
                 1580.3 0.244986 59.3745
                 1580.19 0.247424 59.7069
                 1580.09 0.249881 60.0392
                 1579.99 0.252336 60.3716
                 1579.88 0.254668 60.704
                 1579.78 0.257016 61.0364
                 1579.67 0.25938 61.3687
                 1579.57 0.26176 61.7011
                 1579.47 0.264157 62.0335
                 1579.36 0.26657 62.3659
                 1579.26 0.268999 62.6983
                 1579.16 0.271444 63.0307
                 1579.05 0.273906 63.3631
                 1578.95 0.276384 63.6954
                 1578.84 0.278879 64.0278
                 1578.74 0.28139 64.3602
                 1578.64 0.283919 64.6926
                 1578.53 0.286463 65.025
                 1578.43 0.289025 65.3574
                 1578.32 0.291603 65.6898
                 1578.22 0.294199 66.0222
                 1578.12 0.296811 66.3545
                 1578.01 0.29944 66.6869
                 1577.91 0.302086 67.0193
                 1577.81 0.304749 67.3517
                 1577.7 0.30743 67.6841
                 1577.6 0.310127 68.0165
                 1577.49 0.312842 68.3489
                 1577.39 0.315574 68.6812
                 1577.29 0.318323 69.0136
                 1577.18 0.32109 69.346
                 1577.08 0.323874 69.6784
                 1576.98 0.326676 70.0108
                 1576.87 0.329495 70.3432
                 1576.77 0.332332 70.6756
                 1576.67 0.335186 71.0079
                 1576.56 0.338058 71.3403
                 1576.46 0.340947 71.6727
                 1576.35 0.343855 72.0051
                 1576.25 0.34678 72.3375
                 1576.15 0.349723 72.6699
                 1576.04 0.352684 73.0023
                 1575.94 0.355662 73.3347
                 1575.84 0.358659 73.667
                 1575.73 0.361674 73.9994
                 1575.63 0.364707 74.3318
                 1575.53 0.367757 74.6642
                 1575.42 0.370826 74.9966
                 1575.32 0.373914 75.329
                 1575.22 0.377019 75.6614
                 1575.11 0.380143 75.9937
                 1575.01 0.383284 76.3261
                 1574.91 0.386208 76.6586
                 1574.8 0.389122 76.9911
                 1574.7 0.39205 77.3235
                 1574.6 0.394992 77.656
                 1574.49 0.397949 77.9885
                 1574.39 0.400921 78.321
                 1574.29 0.403906 78.6534
                 1574.18 0.406907 78.9859
                 1574.08 0.409921 79.3184
                 1573.98 0.41295 79.6508
                 1573.87 0.415994 79.9833
                 1573.77 0.419052 80.3158
                 1573.67 0.422125 80.6483
                 1573.56 0.425212 80.9807
                 1573.46 0.428313 81.3132
                 1573.36 0.431429 81.6457
                 1573.25 0.43456 81.9781
                 1573.15 0.437705 82.3106
                 1573.05 0.440864 82.6431
                 1572.95 0.444038 82.9756
                 1572.84 0.447226 83.308
                 1572.74 0.450429 83.6405
                 1572.64 0.453647 83.973
                 1572.53 0.456878 84.3054
                 1572.43 0.460124 84.6379
                 1572.33 0.463385 84.9704
                 1572.22 0.46666 85.3029
                 1572.12 0.469949 85.6353
                 1572.02 0.473253 85.9678
                 1571.92 0.476571 86.3003
                 1571.81 0.479904 86.6328
                 1571.71 0.483251 86.9652
                 1571.61 0.486612 87.2977
                 1571.5 0.489988 87.6302
                 1571.4 0.493378 87.9626
                 1571.3 0.496783 88.2951
                 1571.19 0.500201 88.6276
                 1571.09 0.503634 88.9601
                 1570.99 0.507082 89.2925
                 1570.89 0.510543 89.625
                 1570.78 0.514019 89.9575
                 1570.68 0.517509 90.2899
                 1570.58 0.521014 90.6224
                 1570.48 0.524532 90.9549
                 1570.37 0.528065 91.2874
                 1570.27 0.531612 91.6198
                 1570.17 0.535173 91.9523
                 1570.06 0.538748 92.2848
                 1569.96 0.542175 92.6173
                 1569.86 0.545343 92.9498
                 1569.76 0.548521 93.2824
                 1569.65 0.551707 93.6149
                 1569.55 0.554902 93.9475
                 1569.45 0.558106 94.2801
                 1569.35 0.561318 94.6126
                 1569.24 0.564539 94.9452
                 1569.14 0.567769 95.2777
                 1569.04 0.571007 95.6103
                 1568.94 0.574254 95.9428
                 1568.83 0.577509 96.2754
                 1568.73 0.580772 96.6079
                 1568.63 0.584044 96.9405
                 1568.52 0.587324 97.273
                 1568.42 0.590612 97.6056
                 1568.32 0.593908 97.9382
                 1568.22 0.597213 98.2707
                 1568.11 0.600525 98.6033
                 1568.01 0.603845 98.9358
                 1567.91 0.607174 99.2684
                 1567.81 0.61051 99.6009
                 1567.71 0.613854 99.9335
                 1567.6 0.617205 100.266
                 1567.5 0.620564 100.599
                 1567.4 0.623931 100.931
                 1567.3 0.627306 101.264
                 1567.19 0.630687 101.596
                 1567.09 0.634077 101.929
                 1566.99 0.637473 102.261
                 1566.89 0.640877 102.594
                 1566.78 0.644288 102.926
                 1566.68 0.647706 103.259
                 1566.58 0.651132 103.592
                 1566.48 0.654564 103.924
                 1566.38 0.658003 104.257
                 1566.27 0.66145 104.589
                 1566.17 0.664902 104.922
                 1566.07 0.668362 105.254
                 1565.97 0.671829 105.587
                 1565.86 0.675302 105.919
                 1565.76 0.678781 106.252
                 1565.66 0.682267 106.585
                 1565.56 0.685759 106.917
                 1565.46 0.689258 107.25
                 1565.35 0.692763 107.582
                 1565.25 0.696274 107.915
                 1565.15 0.699791 108.247
                 1565.05 0.703314 108.58
                 1564.95 0.706528 108.912
                 1564.84 0.709473 109.245
                 1564.74 0.712417 109.578
                 1564.64 0.715363 109.91
                 1564.54 0.718308 110.243
                 1564.44 0.721254 110.575
                 1564.33 0.724199 110.908
                 1564.23 0.727145 111.241
                 1564.13 0.730091 111.573
                 1564.03 0.733037 111.906
                 1563.93 0.735982 112.238
                 1563.82 0.738927 112.571
                 1563.72 0.741872 112.904
                 1563.62 0.744816 113.236
                 1563.52 0.74776 113.569
                 1563.42 0.750703 113.901
                 1563.31 0.753645 114.234
                 1563.21 0.756586 114.567
                 1563.11 0.759527 114.899
                 1563.01 0.762466 115.232
                 1562.91 0.765404 115.564
                 1562.81 0.768342 115.897
                 1562.7 0.771277 116.23
                 1562.6 0.774212 116.562
                 1562.5 0.777145 116.895
                 1562.4 0.780076 117.227
                 1562.3 0.783006 117.56
                 1562.19 0.785934 117.893
                 1562.09 0.78886 118.225
                 1561.99 0.791785 118.558
                 1561.89 0.794707 118.89
                 1561.79 0.797627 119.223
                 1561.69 0.800545 119.556
                 1561.59 0.80346 119.888
                 1561.48 0.806374 120.221
                 1561.38 0.809284 120.553
                 1561.28 0.812192 120.886
                 1561.18 0.815098 121.219
                 1561.08 0.818001 121.551
                 1560.98 0.8209 121.884
                 1560.87 0.823797 122.216
                 1560.77 0.826691 122.549
                 1560.67 0.829582 122.881
                 1560.57 0.832469 123.214
                 1560.47 0.835353 123.547
                 1560.37 0.838234 123.879
                 1560.27 0.841111 124.212
                 1560.16 0.843985 124.544
                 1560.06 0.846855 124.877
                 1559.96 0.849469 125.21
                 1559.86 0.851674 125.542
                 1559.76 0.853872 125.875
                 1559.66 0.856061 126.207
                 1559.56 0.858243 126.54
                 1559.45 0.860417 126.873
                 1559.35 0.862582 127.205
                 1559.25 0.86474 127.538
                 1559.15 0.866889 127.87
                 1559.05 0.86903 128.203
                 1558.95 0.871162 128.536
                 1558.85 0.873286 128.868
                 1558.75 0.875402 129.201
                 1558.64 0.877509 129.533
                 1558.54 0.879607 129.866
                 1558.44 0.881696 130.199
                 1558.34 0.883776 130.531
                 1558.24 0.885848 130.864
                 1558.14 0.88791 131.197
                 1558.04 0.889964 131.529
                 1557.94 0.892008 131.862
                 1557.83 0.894043 132.194
                 1557.73 0.896068 132.527
                 1557.63 0.898084 132.86
                 1557.53 0.900091 133.192
                 1557.43 0.902088 133.525
                 1557.33 0.904075 133.857
                 1557.23 0.906053 134.19
                 1557.13 0.90802 134.523
                 1557.03 0.909978 134.855
                 1556.93 0.911926 135.188
                 1556.82 0.913864 135.52
                 1556.72 0.915792 135.853
                 1556.62 0.917709 136.186
                 1556.52 0.919617 136.518
                 1556.42 0.921513 136.851
                 1556.32 0.9234 137.183
                 1556.22 0.925276 137.516
                 1556.12 0.927141 137.849
                 1556.02 0.928996 138.181
                 1555.92 0.93084 138.514
                 1555.81 0.932674 138.846
                 1555.71 0.934496 139.179
                 1555.61 0.936308 139.512
                 1555.51 0.938108 139.844
                 1555.41 0.939898 140.177
                 1555.31 0.941676 140.509
                 1555.21 0.943443 140.842
                 1555.11 0.945199 141.175
                 1555.01 0.946944 141.507
                 1554.91 0.948086 141.84
                 1554.81 0.949161 142.172
                 1554.71 0.950223 142.505
                 1554.61 0.951271 142.838
                 1554.5 0.952307 143.17
                 1554.4 0.953328 143.503
                 1554.3 0.954337 143.836
                 1554.2 0.955332 144.168
                 1554.1 0.956314 144.501
                 1554.0 0.957282 144.833
                 1553.9 0.958237 145.166
                 1553.8 0.959178 145.499
                 1553.7 0.960106 145.831
                 1553.6 0.961019 146.164
                 1553.5 0.961919 146.497
                 1553.4 0.962806 146.829
                 1553.3 0.963678 147.162
                 1553.2 0.964537 147.494
                 1553.1 0.965382 147.827
                 1553.0 0.966213 148.16
                 1552.9 0.967031 148.492
                 1552.8 0.967834 148.825
                 1552.69 0.968623 149.158
                 1552.59 0.969398 149.49
                 1552.49 0.97016 149.823
                 1552.39 0.970907 150.155
                 1552.29 0.97164 150.488
                 1552.19 0.972359 150.821
                 1552.09 0.973063 151.153
                 1551.99 0.973754 151.486
                 1551.89 0.97443 151.819
                 1551.79 0.975092 152.151
                 1551.69 0.97574 152.484
                 1551.59 0.976374 152.816
                 1551.49 0.976993 153.149
                 1551.39 0.977597 153.482
                 1551.29 0.978188 153.814
                 1551.19 0.978764 154.147
                 1551.09 0.979325 154.48
                 1550.99 0.979872 154.812
                 1550.89 0.980405 155.145
                 1550.79 0.980923 155.478
                 1550.69 0.981427 155.81
                 1550.59 0.981916 156.143
                 1550.49 0.98239 156.475
                 1550.39 0.98285 156.808
                 1550.29 0.983295 157.141
                 1550.19 0.983726 157.473
                 1550.09 0.984142 157.806
                 1549.99 0.984457 158.139
                 1549.89 0.98417 158.471
                 1549.79 0.983869 158.804
                 1549.69 0.983554 159.137
                 1549.59 0.983223 159.469
                 1549.49 0.982877 159.802
                 1549.39 0.982517 160.135
                 1549.29 0.982142 160.468
                 1549.19 0.981752 160.8
                 1549.09 0.981348 161.133
                 1548.99 0.980929 161.466
                 1548.89 0.980495 161.798
                 1548.79 0.980046 162.131
                 1548.69 0.979583 162.464
                 1548.59 0.979105 162.796
                 1548.49 0.978612 163.129
                 1548.39 0.978105 163.462
                 1548.29 0.977583 163.795
                 1548.19 0.977047 164.127
                 1548.09 0.976496 164.46
                 1547.99 0.975931 164.793
                 1547.89 0.975351 165.125
                 1547.79 0.974756 165.458
                 1547.69 0.974147 165.791
                 1547.59 0.973524 166.124
                 1547.49 0.972886 166.456
                 1547.39 0.972234 166.789
                 1547.29 0.971568 167.122
                 1547.19 0.9708870000000001 167.454
                 1547.09 0.970192 167.787
                 1546.99 0.969483 168.12
                 1546.89 0.96876 168.453
                 1546.79 0.968022 168.785
                 1546.69 0.96727 169.118
                 1546.59 0.966504 169.451
                 1546.49 0.965724 169.783
                 1546.39 0.96493 170.116
                 1546.29 0.964122 170.449
                 1546.19 0.963299 170.782
                 1546.09 0.962463 171.114
                 1545.99 0.961613 171.447
                 1545.89 0.960749 171.78
                 1545.79 0.959871 172.112
                 1545.69 0.95898 172.445
                 1545.6 0.958074 172.778
                 1545.5 0.957155 173.111
                 1545.4 0.956222 173.443
                 1545.3 0.955275 173.776
                 1545.2 0.954315 174.109
                 1545.1 0.953341 174.441
                 1545.0 0.952339 174.774
                 1544.9 0.950567 175.107
                 1544.8 0.948784 175.44
                 1544.7 0.946989 175.773
                 1544.6 0.945183 176.105
                 1544.5 0.943366 176.438
                 1544.4 0.941538 176.771
                 1544.3 0.939699 177.104
                 1544.2 0.937849 177.437
                 1544.1 0.935988 177.769
                 1544.0 0.934117 178.102
                 1543.9 0.932234 178.435
                 1543.81 0.930341 178.768
                 1543.71 0.928437 179.101
                 1543.61 0.926523 179.434
                 1543.51 0.924598 179.766
                 1543.41 0.922663 180.099
                 1543.31 0.920718 180.432
                 1543.21 0.918763 180.765
                 1543.11 0.916797 181.098
                 1543.01 0.914821 181.43
                 1542.91 0.912836 181.763
                 1542.81 0.91084 182.096
                 1542.71 0.908835 182.429
                 1542.61 0.906819 182.762
                 1542.52 0.904795 183.094
                 1542.42 0.90276 183.427
                 1542.32 0.900716 183.76
                 1542.22 0.898663 184.093
                 1542.12 0.8966 184.426
                 1542.02 0.894528 184.759
                 1541.92 0.892447 185.091
                 1541.82 0.890356 185.424
                 1541.72 0.888257 185.757
                 1541.62 0.886149 186.09
                 1541.52 0.884031 186.423
                 1541.43 0.881905 186.755
                 1541.33 0.87977 187.088
                 1541.23 0.877627 187.421
                 1541.13 0.875475 187.754
                 1541.03 0.873315 188.087
                 1540.93 0.871146 188.42
                 1540.83 0.868969 188.752
                 1540.73 0.866783 189.085
                 1540.63 0.86459 189.418
                 1540.54 0.862388 189.751
                 1540.44 0.860178 190.084
                 1540.34 0.857961 190.416
                 1540.24 0.855736 190.749
                 1540.14 0.853503 191.082
                 1540.04 0.851262 191.415
                 1539.94 0.848572 191.748
                 1539.84 0.845563 192.081
                 1539.74 0.842552 192.413
                 1539.65 0.839539 192.746
                 1539.55 0.836523 193.079
                 1539.45 0.833504 193.412
                 1539.35 0.830483 193.745
                 1539.25 0.82746 194.078
                 1539.15 0.824435 194.411
                 1539.05 0.821408 194.743
                 1538.95 0.818378 195.076
                 1538.86 0.815347 195.409
                 1538.76 0.812314 195.742
                 1538.66 0.80928 196.075
                 1538.56 0.806244 196.408
                 1538.46 0.803206 196.741
                 1538.36 0.800167 197.073
                 1538.26 0.797127 197.406
                 1538.17 0.794085 197.739
                 1538.07 0.791042 198.072
                 1537.97 0.787999 198.405
                 1537.87 0.784954 198.738
                 1537.77 0.781909 199.071
                 1537.67 0.778863 199.403
                 1537.57 0.775816 199.736
                 1537.48 0.772768 200.069
                 1537.38 0.76972 200.402
                 1537.28 0.766672 200.735
                 1537.18 0.763623 201.068
                 1537.08 0.760575 201.401
                 1536.98 0.757526 201.733
                 1536.89 0.754477 202.066
                 1536.79 0.751428 202.399
                 1536.69 0.748379 202.732
                 1536.59 0.74533 203.065
                 1536.49 0.742282 203.398
                 1536.39 0.739234 203.731
                 1536.29 0.736187 204.063
                 1536.2 0.73314 204.396
                 1536.1 0.730094 204.729
                 1536.0 0.727049 205.062
                 1535.9 0.724004 205.395
                 1535.8 0.720961 205.728
                 1535.71 0.717918 206.061
                 1535.61 0.714877 206.394
                 1535.51 0.711837 206.726
                 1535.41 0.708798 207.059
                 1535.31 0.70576 207.392
                 1535.21 0.702724 207.725
                 1535.12 0.699689 208.058
                 1535.02 0.696656 208.391
                 1534.92 0.69317 208.724
                 1534.82 0.68959 209.056
                 1534.72 0.686018 209.389
                 1534.62 0.682453 209.722
                 1534.53 0.678894 210.055
                 1534.43 0.675343 210.388
                 1534.33 0.671799 210.721
                 1534.23 0.668262 211.053
                 1534.13 0.664733 211.386
                 1534.04 0.661211 211.719
                 1533.94 0.657696 212.052
                 1533.84 0.654189 212.385
                 1533.74 0.650689 212.718
                 1533.64 0.647197 213.051
                 1533.55 0.643713 213.383
                 1533.45 0.640237 213.716
                 1533.35 0.636768 214.049
                 1533.25 0.633308 214.382
                 1533.15 0.629855 214.715
                 1533.06 0.62641 215.048
                 1532.96 0.622974 215.381
                 1532.86 0.619545 215.713
                 1532.76 0.616125 216.046
                 1532.66 0.612713 216.379
                 1532.57 0.60931 216.712
                 1532.47 0.605915 217.045
                 1532.37 0.602528 217.378
                 1532.27 0.59915 217.711
                 1532.18 0.59578 218.043
                 1532.08 0.592419 218.376
                 1531.98 0.589067 218.709
                 1531.88 0.585724 219.042
                 1531.78 0.582389 219.375
                 1531.69 0.579063 219.708
                 1531.59 0.575746 220.041
                 1531.49 0.572438 220.373
                 1531.39 0.569139 220.706
                 1531.3 0.565849 221.039
                 1531.2 0.562568 221.372
                 1531.1 0.559297 221.705
                 1531.0 0.556034 222.038
                 1530.91 0.552781 222.371
                 1530.81 0.549537 222.703
                 1530.71 0.546303 223.036
                 1530.61 0.543078 223.369
                 1530.51 0.539862 223.702
                 1530.42 0.536656 224.035
                 1530.32 0.53346 224.368
                 1530.22 0.530273 224.7
                 1530.12 0.527095 225.033
                 1530.03 0.523928 225.366
                 1529.93 0.520515 225.699
                 1529.83 0.517019 226.032
                 1529.73 0.513537 226.365
                 1529.64 0.510069 226.698
                 1529.54 0.506615 227.031
                 1529.44 0.503176 227.363
                 1529.34 0.49975 227.696
                 1529.25 0.496338 228.029
                 1529.15 0.492941 228.362
                 1529.05 0.489557 228.695
                 1528.95 0.486188 229.028
                 1528.86 0.482833 229.361
                 1528.76 0.479492 229.694
                 1528.66 0.476166 230.026
                 1528.57 0.472853 230.359
                 1528.47 0.469555 230.692
                 1528.37 0.466271 231.025
                 1528.27 0.463001 231.358
                 1528.18 0.459746 231.691
                 1528.08 0.456504 232.024
                 1527.98 0.453277 232.357
                 1527.88 0.450065 232.689
                 1527.79 0.446866 233.022
                 1527.69 0.443682 233.355
                 1527.59 0.440512 233.688
                 1527.49 0.437357 234.021
                 1527.4 0.434216 234.354
                 1527.3 0.431089 234.687
                 1527.2 0.427976 235.02
                 1527.11 0.424878 235.352
                 1527.01 0.421794 235.685
                 1526.91 0.418725 236.018
                 1526.81 0.415669 236.351
                 1526.72 0.412628 236.684
                 1526.62 0.409602 237.017
                 1526.52 0.40659 237.35
                 1526.43 0.403592 237.683
                 1526.33 0.400608 238.015
                 1526.23 0.397639 238.348
                 1526.14 0.394684 238.681
                 1526.04 0.391744 239.014
                 1525.94 0.388817 239.347
                 1525.84 0.385905 239.68
                 1525.75 0.383008 240.013
                 1525.65 0.380124 240.346
                 1525.55 0.377255 240.678
                 1525.46 0.374401 241.011
                 1525.36 0.37156 241.344
                 1525.26 0.368734 241.677
                 1525.17 0.365922 242.01
                 1525.07 0.363125 242.343
                 1524.97 0.360269 242.676
                 1524.87 0.357259 243.009
                 1524.78 0.354267 243.342
                 1524.68 0.351293 243.675
                 1524.58 0.348337 244.008
                 1524.49 0.345399 244.341
                 1524.39 0.342479 244.674
                 1524.29 0.339577 245.007
                 1524.2 0.336692 245.34
                 1524.1 0.333825 245.673
                 1524.0 0.330976 246.006
                 1523.91 0.328145 246.338
                 1523.81 0.325331 246.671
                 1523.71 0.322535 247.004
                 1523.62 0.319756 247.337
                 1523.52 0.316995 247.67
                 1523.42 0.314251 248.003
                 1523.33 0.311525 248.336
                 1523.23 0.308816 248.669
                 1523.13 0.306124 249.002
                 1523.04 0.30345 249.335
                 1522.94 0.300792 249.668
                 1522.84 0.298152 250.001
                 1522.75 0.295529 250.334
                 1522.65 0.292922 250.667
                 1522.55 0.290333 251.0
                 1522.46 0.287761 251.333
                 1522.36 0.285205 251.666
                 1522.26 0.282667 251.999
                 1522.17 0.280145 252.332
                 1522.07 0.277639 252.665
                 1521.97 0.275151 252.998
                 1521.88 0.272679 253.331
                 1521.78 0.270223 253.664
                 1521.68 0.267784 253.997
                 1521.59 0.265362 254.33
                 1521.49 0.262955 254.663
                 1521.39 0.260565 254.996
                 1521.3 0.258192 255.329
                 1521.2 0.255834 255.662
                 1521.11 0.253493 255.995
                 1521.01 0.251167 256.328
                 1520.91 0.248858 256.661
                 1520.82 0.246564 256.994
                 1520.72 0.244287 257.327
                 1520.62 0.242025 257.66
                 1520.53 0.239779 257.993
                 1520.43 0.237549 258.326
                 1520.33 0.235335 258.659
                 1520.24 0.233136 258.992
                 1520.14 0.230952 259.324
                 1520.05 0.228784 259.657
                 1519.95 0.226527 259.99
                 1519.85 0.224195 260.324
                 1519.76 0.221881 260.657
                 1519.66 0.219586 260.99
                 1519.56 0.21731 261.323
                 1519.47 0.215053 261.656
                 1519.37 0.212815 261.989
                 1519.28 0.210595 262.322
                 1519.18 0.208394 262.655
                 1519.08 0.20621 262.989
                 1518.99 0.204046 263.322
                 1518.89 0.201899 263.655
                 1518.8 0.19977 263.988
                 1518.7 0.197659 264.321
                 1518.6 0.195566 264.654
                 1518.51 0.193491 264.987
                 1518.41 0.191433 265.32
                 1518.31 0.189393 265.653
                 1518.22 0.187371 265.987
                 1518.12 0.185365 266.32
                 1518.03 0.183377 266.653
                 1517.93 0.181406 266.986
                 1517.83 0.179452 267.319
                 1517.74 0.177515 267.652
                 1517.64 0.175594 267.985
                 1517.55 0.173691 268.318
                 1517.45 0.171804 268.652
                 1517.35 0.169933 268.985
                 1517.26 0.168079 269.318
                 1517.16 0.166241 269.651
                 1517.07 0.16442 269.984
                 1516.97 0.162614 270.317
                 1516.88 0.160825 270.65
                 1516.78 0.159051 270.983
                 1516.68 0.157293 271.316
                 1516.59 0.155551 271.65
                 1516.49 0.153825 271.983
                 1516.4 0.152114 272.316
                 1516.3 0.150418 272.649
                 1516.2 0.148738 272.982
                 1516.11 0.147073 273.315
                 1516.01 0.145423 273.648
                 1515.92 0.143788 273.981
                 1515.82 0.142168 274.314
                 1515.73 0.140563 274.648
                 1515.63 0.138972 274.981
                 1515.53 0.137397 275.314
                 1515.44 0.135835 275.647
                 1515.34 0.134289 275.98
                 1515.25 0.132756 276.313
                 1515.15 0.131238 276.646
                 1515.06 0.129734 276.979
                 1514.96 0.128189 277.313
                 1514.86 0.126584 277.646
                 1514.77 0.124996 277.979
                 1514.67 0.123425 278.312
                 1514.58 0.12187 278.645
                 1514.48 0.120331 278.978
                 1514.39 0.118809 279.311
                 1514.29 0.117303 279.645
                 1514.2 0.115813 279.978
                 1514.1 0.114339 280.311
                 1514.0 0.11288 280.644
                 1513.91 0.111438 280.977
                 1513.81 0.11001 281.31
                 1513.72 0.108598 281.643
                 1513.62 0.107201 281.976
                 1513.53 0.10582 282.31
                 1513.43 0.104453 282.643
                 1513.34 0.103101 282.976
                 1513.24 0.101764 283.309
                 1513.15 0.100441 283.642
                 1513.05 0.0991334 283.975
                 1512.95 0.0978397 284.308
                 1512.86 0.0965602 284.642
                 1512.76 0.0952948 284.975
                 1512.67 0.0940434 285.308
                 1512.57 0.0928058 285.641
                 1512.48 0.091582 285.974
                 1512.38 0.0903719 286.307
                 1512.29 0.0891752 286.64
                 1512.19 0.0879919 286.974
                 1512.1 0.0868218 287.307
                 1512.0 0.0856649 287.64
                 1511.91 0.0845211 287.973
                 1511.81 0.0833901 288.306
                 1511.72 0.082272 288.639
                 1511.62 0.0811665 288.972
                 1511.53 0.0800737 289.306
                 1511.43 0.0789932 289.639
                 1511.34 0.0779252 289.972
                 1511.24 0.0768693 290.305
                 1511.14 0.0758256 290.638
                 1511.05 0.0747939 290.971
                 1510.95 0.0737741 291.304
                 1510.86 0.0727661 291.638
                 1510.76 0.0717698 291.971
                 1510.67 0.0707851 292.304
                 1510.57 0.0698119 292.637
                 1510.48 0.06885 292.97
                 1510.38 0.0678993 293.303
                 1510.29 0.0669599 293.636
                 1510.19 0.0660315 293.97
                 1510.1 0.065114 294.303
                 1510.0 0.0642074 294.636
                 1509.91 0.0632678 294.969
                 1509.81 0.0623384 295.302
                 1509.72 0.0614208 295.635
                 1509.62 0.0605148 295.968
                 1509.53 0.0596203 296.301
                 1509.43 0.0587373 296.634
                 1509.34 0.0578656 296.967
                 1509.24 0.0570051 297.3
                 1509.15 0.0561556 297.633
                 1509.05 0.055317 297.967
                 1508.96 0.0544893 298.3
                 1508.86 0.0536724 298.633
                 1508.77 0.052866 298.966
                 1508.67 0.0520701 299.299
                 1508.58 0.0512845 299.632
                 1508.49 0.0505092 299.965
                 1508.39 0.0497441 300.298
                 1508.3 0.048989 300.631
                 1508.2 0.0482439 300.964
                 1508.11 0.0475086 301.297
                 1508.01 0.046783 301.63
                 1507.92 0.0460669 301.963
                 1507.82 0.0453604 302.296
                 1507.73 0.0446633 302.629
                 1507.63 0.0439755 302.963
                 1507.54 0.0432969 303.296
                 1507.44 0.0426274 303.629
                 1507.35 0.0419669 303.962
                 1507.25 0.0413152 304.295
                 1507.16 0.0406723 304.628
                 1507.06 0.0400382 304.961
                 1506.97 0.0394126 305.294
                 1506.88 0.0387955 305.627
                 1506.78 0.0381868 305.96
                 1506.69 0.0375865 306.293
                 1506.59 0.0369943 306.626
                 1506.5 0.0364102 306.959
                 1506.4 0.0358342 307.292
                 1506.31 0.0352661 307.626
                 1506.21 0.0347058 307.959
                 1506.12 0.0341533 308.292
                 1506.02 0.0336085 308.625
                 1505.93 0.0330712 308.958
                 1505.84 0.0325414 309.291
                 1505.74 0.032019 309.624
                 1505.65 0.0315039 309.957
                 1505.55 0.030996 310.29
                 1505.46 0.0304953 310.623
                 1505.36 0.0300016 310.956
                 1505.27 0.0295149 311.289
                 1505.17 0.0290351 311.622
                 1505.08 0.0285621 311.955
                 1504.99 0.0280934 312.288
                 1504.89 0.0276186 312.622
                 1504.8 0.0271509 312.955
                 1504.7 0.0266901 313.288
                 1504.61 0.0262363 313.621
                 1504.51 0.0257892 313.954
                 1504.42 0.0253489 314.288
                 1504.32 0.0249152 314.621
                 1504.23 0.024488 314.954
                 1504.14 0.0240672 315.287
                 1504.04 0.0236529 315.62
                 1503.95 0.0232448 315.953
                 1503.85 0.022843 316.287
                 1503.76 0.0224472 316.62
                 1503.67 0.0220576 316.953
                 1503.57 0.0216739 317.286
                 1503.48 0.021296 317.619
                 1503.38 0.020924 317.952
                 1503.29 0.0205578 318.286
                 1503.19 0.0201972 318.619
                 1503.1 0.0198421 318.952
                 1503.01 0.0194926 319.285
                 1502.91 0.0191486 319.618
                 1502.82 0.0188099 319.951
                 1502.72 0.0184764 320.285
                 1502.63 0.0181483 320.618
                 1502.54 0.0178252 320.951
                 1502.44 0.0175073 321.284
                 1502.35 0.0171943 321.617
                 1502.25 0.0168863 321.95
                 1502.16 0.0165832 322.284
                 1502.07 0.0162849 322.617
                 1501.97 0.0159914 322.95
                 1501.88 0.0157025 323.283
                 1501.78 0.0154183 323.616
                 1501.69 0.0151386 323.95
                 1501.6 0.0148634 324.283
                 1501.5 0.0145926 324.616
                 1501.41 0.0143262 324.949
                 1501.31 0.0140641 325.282
                 1501.22 0.0138062 325.615
                 1501.13 0.0135526 325.949
                 1501.03 0.0133031 326.282
                 1500.94 0.0130576 326.615
                 1500.84 0.0128161 326.948
                 1500.75 0.0125787 327.281
                 1500.66 0.0123451 327.614
                 1500.56 0.0121153 327.948
                 1500.47 0.0118894 328.281
                 1500.38 0.0116672 328.614
                 1500.28 0.0114487 328.947
                 1500.19 0.0112338 329.28
                 1500.09 0.0110225 329.613
