wavelength(nm)	 TX(1-1)	 Angle(1-1)	wavelength(nm).1	TX(1-2)	 Angle(1-2)	TX(1-3)	 Angle(1-3)	 TX(1-4)	 Angle(1-4)	TX(1-5)	 Angle(1-5)	 TX(1-6)	 Angle(1-6)	TX(1-7)	 Angle(1-7)	  TX(1-8)	 Angle(1-8)
1600.0	0.0221883	-2.44225	1600.79	0.0368297	2.76496	0.0806359	-0.511297	0.0379735	-2.90102	0.274723	0.399258	0.173126	-1.19328	0.010355	0.246734	0.00490612	2.57055
1599.89	0.0192894	-1.35821	1599.05	0.0933787	5.39297	0.0222998	0.592163	0.000185456	-1.6125	0.0587339	0.135887	0.03406	-1.48243	0.00211643	-0.0965599	0.000809873	3.84028
1599.79	0.0167353	-0.274169	1597.3	0.045037	3.85963	0.00125793	2.8333	0.00981711	0.768031	0.00846488	-0.673149	0.00280412	-2.19495	5.41884e-05	-0.441133	1.16007e-05	5.10764
1599.68	0.0144889	0.809874	1595.56	0.201666	2.64212	0.0832185	1.87307	0.0200401	0.435727	0.000643039	-0.913417	7.35274e-05	-2.46452	2.1205e-07	-0.785369	1.71024e-08	6.37772
1599.57	0.0125169	1.89392	1593.83	0.327827	4.5803	0.0657908	1.28041	0.0119057	-1.18777	0.000224087	-3.86328	1.99689e-05	0.0992073	3.84398e-08	0.725926	2.39691e-09	8.79646
1599.47	0.010789	2.97796	1592.1	0.0811766	1.86476	0.0180776	4.37855	0.00683593	1.04798	0.00025377	-2.28096	3.44606e-05	0.552433	1.29501e-07	0.201603	1.10078e-08	8.7472
1599.36	0.00927811	4.06201	1590.37	0.0396636	0.0156868	0.00812232	7.36388	0.00609869	3.06757	0.000614023	-1.10823	8.86899e-05	0.733408	4.80041e-07	-0.369578	4.34722e-08	8.70047
1599.25	0.00795962	5.14605	1588.64	0.100819	-2.06161	0.183743	6.83668	0.113906	2.261	0.0153626	-2.23129	0.00418027	-0.645099	3.8909e-05	-2.12766	7.74153e-06	8.34507
1599.15	0.00681149	6.2301	1586.92	0.10968	-3.26234	0.0587276	8.77247	0.0566811	3.31531	0.0911217	-2.2579	0.0454217	-0.721889	0.00149843	-2.47351	0.000556527	9.61335
1599.04	0.00581394	7.31414	1585.21	0.105088	-6.11423	0.0689263	10.3175	0.045028	5.3699	0.14739	-2.67247	0.119204	-1.13004	0.0224674	-2.81997	0.0122797	10.88
1598.93	0.00494919	8.39819	1583.5	0.46945	-8.22514	0.381012	9.06794	0.325545	4.45537	0.299703	-3.37053	0.269055	-1.77835	0.100466	-3.1591	0.0748237	12.1543
1598.83	0.00420137	9.48224	1581.79	0.582469	-8.21605	0.643624	9.04434	0.607064	4.33713	0.574572	-3.53138	0.539174	-1.96061	0.303613	-3.4969	0.27403	13.4303
1598.72	0.00355625	10.5663	1580.08	0.851836	-8.46051	0.838378	8.79796	0.82754	4.08265	0.801322	-3.79691	0.782846	-2.22743	0.741711	-3.83353	0.722573	14.7075
1598.61	0.00300118	11.6503	1578.38	0.728412	-8.88178	0.728581	8.39586	0.728532	3.68266	0.728701	-4.17244	0.728652	-2.60245	0.728817	-4.17436	0.758309	15.9807
1598.51	0.00252485	12.7344	1576.68	0.501373	-9.31472	0.542491	7.98948	0.512705	3.27713	0.562786	-4.54838	0.537941	-2.97825	0.600579	-4.51606	0.60455	17.2529
1598.4	0.00211725	13.8184	1574.99	0.575227	-9.6736	0.479367	7.64941	0.341376	2.93459	0.369341	-4.88429	0.287242	-3.31513	0.423043	-4.85884	0.37114	18.5241
1598.3	0.00176946	14.9025	1573.3	0.0379329	-7.54784	0.0328811	8.8831	0.0150786	4.60077	0.0232136	-4.23493	0.0117808	-2.23243	0.108071	-5.20348	0.0816245	19.793
1598.19	0.0014736	15.9866	1571.61	0.0214308	-10.3206	0.00279804	6.56904	0.0187654	2.13664	0.0847535	-2.43955	0.0749819	-0.861749	0.0201622	-5.54674	0.0114879	21.0629
1598.08	0.00122272	17.0706	1569.93	0.147932	-8.99395	0.0325378	8.93442	0.033592	3.18879	0.0551316	-2.3822	0.0323065	-0.891005	0.00226321	-5.88848	0.000833294	22.3339
1597.98	0.00101068	18.1547	1568.25	0.0467368	-10.9578	0.0191157	6.33981	0.0148248	1.63191	0.00406045	-3.08001	0.00157134	-1.51162	4.83284e-05	-6.2285	1.00905e-05	23.6072
1597.87	0.000832081	19.2387	1566.57	0.0125933	-12.152	0.0187478	5.08511	0.00636762	0.680329	0.000326093	-3.68729	3.78636e-05	-2.06667	1.42071e-07	-6.57152	1.1148e-08	24.8785
1597.76	0.00068219	20.3228	1564.9	0.168018	-14.6946	0.00518564	5.58568	0.000184225	0.792614	6.07363e-07	-4.01733	1.11599e-08	-2.51464	4.0497e-12	-7.32291	5.23072e-14	25.6839
1597.66	0.000556865	21.4069	1563.23	0.000648259	-15.7334	0.015656	3.97487	0.00358276	-2.09893	8.92164e-05	-1.99138	7.26067e-06	-1.57462	1.38416e-08	-7.66433	7.76045e-10	25.9227
1597.55	0.000452493	22.4909	1561.56	0.0552191	-12.7823	0.0374418	6.67369	0.0186022	-0.239703	0.00108653	-0.665619	0.000232795	-1.25843	1.5042e-06	-7.92163	2.02143e-07	26.155
1597.44	0.000365928	23.575	1559.9	0.108447	-10.2037	0.0696166	9.7959	0.0596145	2.35378	0.0124127	1.2241	0.00374621	-0.294418	5.56122e-05	-7.93125	1.10523e-05	26.8317
1597.34	0.000294443	24.6591	1558.24	0.0217348	-10.2826	0.105793	10.9089	0.145135	2.94223	0.0662892	1.22191	0.0356826	-0.362187	0.0016187	-8.27513	0.000609673	28.1009
1597.23	0.000235679	25.7432	1556.59	0.0976661	-13.3118	0.0431486	13.9972	0.0141968	5.68543	0.0322296	1.49655	0.0327986	-0.278494	0.019455	-8.61731	0.0110455	29.3715
1597.13	0.000187602	26.8273	1554.93	0.240736	-16.2867	0.122432	16.5283	0.0406758	8.76817	0.0439662	3.82623	0.0137489	2.36928	0.135471	-8.96069	0.0984863	30.6414
1597.02	0.000148467	27.9114	1553.29	0.0733185	-16.7953	0.12893	16.1405	0.0863406	8.28975	0.172002	3.45378	0.128831	1.89658	0.314379	-9.30612	0.284282	31.9102
1596.91	0.000116777	28.9955	1551.64	0.45396	-17.5327	0.497238	15.4588	0.469782	7.60395	0.531684	2.90047	0.507622	1.32844	0.598275	-9.65209	0.60152	33.1786
1596.81	9.12604e-05	30.0796	1550.0	0.966998	-17.8463	0.967138	15.1395	0.968427	7.28431	0.968566	2.57099	0.969858	0.999028	0.969997	-9.99748	0.974895	34.4473
1596.7	7.08345e-05	31.1637	1548.36	0.712637	-18.1581	0.702816	14.8234	0.693484	6.9671	0.663317	2.24555	0.649135	0.673194	0.593377	-10.3397	0.596552	35.7183
1596.59	5.45852e-05	32.2478	1546.73	0.456178	-18.1583	0.431175	14.7006	0.434282	6.8109	0.409232	2.00367	0.390223	0.425874	0.310643	-10.6815	0.280711	36.9897
1596.49	4.17437e-05	33.3319	1545.1	0.257216	-19.6589	0.257015	13.7239	0.25899	5.98477	0.305699	1.40267	0.283541	-0.152879	0.133601	-11.0238	0.0969068	38.2603
1596.38	3.16659e-05	34.416	1543.47	0.0597755	-18.1209	0.17392	14.0455	0.0696912	6.48416	0.284226	1.02281	0.202984	-0.526636	0.0193491	-11.367	0.010923	39.531
1596.28	2.38155e-05	35.5001	1541.85	0.0599437	-16.4496	0.0637769	11.4401	0.0901877	9.38638	0.106149	0.998758	0.0525033	-0.594156	0.00158288	-11.7102	0.000591934	40.8019
1596.17	1.77483e-05	36.5843	1540.23	0.0519708	-19.5305	0.00232366	10.0131	0.0134214	8.74627	0.00948259	0.749861	0.00299238	-0.872311	5.30177e-05	-12.0529	1.04573e-05	42.0743
1596.06	1.30985e-05	37.6684	1538.61	0.0449197	-19.9263	0.00732336	11.2088	0.00793238	10.355	0.00150227	3.44066	0.000294553	-3.49475	2.6038e-06	-13.4512	3.12451e-07	43.1583
1595.96	9.56675e-06	38.7526	1537.0	0.181632	-20.0916	0.0616348	12.4902	0.0122205	12.951	0.000310442	0.939365	2.91193e-05	-5.00567	6.70913e-08	-13.9967	4.39091e-09	45.2478
1595.85	6.9099e-06	39.8367	1535.39	0.103993	-22.9423	0.0131424	15.2649	0.00106336	10.1552	9.69263e-06	-1.33102	3.72518e-07	-6.31548	3.19995e-10	-14.5409	8.5639e-12	47.3136
1595.74	4.93166e-06	40.9209	1533.78	0.0328407	-23.7143	0.0051965	14.9438	0.00269726	10.3706	0.000231275	-0.657384	2.98112e-05	-5.41775	1.56546e-07	-13.4273	1.23258e-08	50.2949
1595.64	3.47486e-06	42.005	1532.17	0.0468684	-24.8606	0.000731551	14.0568	0.0101461	9.32394	0.00837696	-1.45283	0.00270718	-6.11449	4.90309e-05	-13.7735	1.03967e-05	51.5648
1595.53	2.41475e-06	43.0892	1530.57	0.0524313	-21.8422	0.065083	13.0895	0.102485	8.84137	0.135824	-1.67072	0.0686289	-6.36805	0.00215757	-14.1206	0.000815098	52.8295
1595.43	1.65315e-06	44.1734	1528.98	0.0878805	-20.1234	0.211053	10.4611	0.0904598	11.7724	0.298508	-1.70093	0.215804	-6.44078	0.0219635	-14.4664	0.0124993	54.0968
1595.32	1.11356e-06	45.2576	1527.38	0.151124	-18.6646	0.169416	10.7053	0.17859	12.1616	0.220188	-2.11139	0.205547	-6.84046	0.103729	-14.8105	0.0790215	55.367
1595.21	7.36983e-07	46.3418	1525.79	0.550232	-20.1942	0.515589	9.75493	0.515165	11.355	0.478482	-2.69796	0.455466	-7.40674	0.362953	-15.1536	0.325118	56.6384
1595.11	4.78461e-07	47.426	1524.21	0.799989	-20.2275	0.789353	9.62002	0.778075	11.1906	0.746158	-2.94117	0.729942	-7.65432	0.671432	-15.4968	0.666496	57.9098
1595.0	3.04146e-07	48.5102	1522.62	0.696347	-20.5502	0.696384	9.29405	0.696353	10.8641	0.696393	-3.274	0.696361	-7.98716	0.696389	-15.8421	0.72859	59.1788
1594.9	3.24274e-07	49.2671	1521.04	0.459106	-20.8698	0.507301	8.9702	0.475355	10.54	0.546374	-3.60593	0.518137	-8.31893	0.626001	-16.1874	0.621751	60.4475
1594.79	3.49337e-07	50.0165	1519.47	0.0824623	-21.6724	0.149766	8.25762	0.0978906	9.8186	0.197597	-4.17127	0.145897	-8.90156	0.360786	-16.533	0.317825	61.7159
1594.68	3.75769e-07	50.7659	1517.89	0.190249	-21.9903	0.0902437	7.9801	0.0289252	9.47152	0.0292076	-4.49158	0.00828965	-9.31272	0.0945904	-16.8802	0.0707896	62.9826
1594.58	4.03592e-07	51.5154	1516.32	0.0971529	-24.8448	0.0441835	10.5982	0.014361	6.38392	0.0380698	-2.15177	0.0370772	-6.68661	0.0180831	-17.2286	0.0100572	64.2485
1594.47	4.32833e-07	52.2651	1514.75	0.0169204	-21.8767	0.140829	13.6397	0.189992	8.99575	0.0817748	-1.90957	0.043155	-6.61502	0.00185096	-17.5783	0.000663751	65.5139
1594.37	4.63522e-07	53.0149	1513.19	0.0817295	-21.6928	0.0429551	14.6838	0.0380537	9.52156	0.00821018	-1.92674	0.00241829	-6.69557	3.48715e-05	-17.9214	7.00568e-06	66.7856
1594.26	4.95699e-07	53.765	1511.63	0.005612	-23.4088	0.00775315	13.1432	0.00215705	8.46041	0.000110244	-2.52085	1.39189e-05	-7.23978	7.88603e-08	-18.2467	5.76173e-09	68.0701
1594.15	5.2941e-07	54.5153	1510.07	7.14755e-05	-25.205	0.000307796	12.0202	9.31816e-06	7.58172	3.44239e-08	-3.06945	3.52155e-10	-7.72065	1.07705e-13	-18.3878	6.6665e-16	69.4873
1594.05	5.64718e-07	55.2661	1508.52	0.58427	-26.0497	0.050382	14.2492	0.00595494	10.4603	6.08391e-05	-5.84812	3.77049e-06	-9.63958	4.27711e-09	-19.6842	1.94718e-10	70.7917
1593.94	6.01702e-07	56.0173	1506.97	0.0329716	-23.4683	0.10079	16.8405	0.0487595	7.52049	0.00215767	-8.24681	0.000420096	-11.0867	1.51644e-06	-20.4725	2.22437e-07	72.6246
1593.84	6.40458e-07	56.7689	1505.42	0.0575965	-21.4635	0.0305808	17.9271	0.026019	9.78323	0.00709154	-11.1722	0.00296943	-12.9906	9.30615e-05	-21.3031	2.10776e-05	74.4105
1593.73	6.81109e-07	57.521	1503.87	0.13155	-22.9837	0.0323174	15.5683	0.0332372	8.64299	0.0482139	-10.9217	0.0284616	-12.4181	0.00200401	-19.9937	0.000774732	71.2532
1593.63	7.23807e-07	58.2737	1502.33	0.0196966	-21.7534	0.00277412	18.3094	0.0146211	9.88485	0.0751979	-10.8355	0.068084	-12.4235	0.020334	-20.3375	0.0118926	72.524
1593.52	7.68726e-07	59.0269															
1593.41	8.16081e-07	59.7806															
1593.31	8.66125e-07	60.535															
1593.2	9.19145e-07	61.2899															
1593.1	9.75474e-07	62.0453															
1592.99	1.03549e-06	62.8013															
1592.89	1.09962e-06	63.5577															
1592.78	1.16833e-06	64.3145															
1592.67	1.24213e-06	65.0717															
1592.57	1.3216e-06	65.8292															
1592.46	1.40734e-06	66.5868															
1592.36	1.50002e-06	67.3446															
1592.25	1.60031e-06	68.1023															
1592.15	1.70894e-06	68.86															
1592.04	1.82667e-06	69.6175															
1591.93	1.95427e-06	70.3747															
1591.83	2.09251e-06	71.1316															
1591.72	2.24216e-06	71.888															
1591.62	2.40398e-06	72.6439															
1591.51	2.57867e-06	73.3992															
1591.41	2.76689e-06	74.1538															
1591.3	2.96924e-06	74.9078															
1591.2	3.18619e-06	75.661															
1591.09	3.41815e-06	76.4135															
1590.98	3.66533e-06	77.1652															
1590.88	3.92784e-06	77.9162															
1590.77	4.20561e-06	78.6664															
1590.67	4.49837e-06	79.416															
1590.56	4.8057e-06	80.1649															
1590.46	5.12698e-06	80.9132															
1590.35	5.4614e-06	81.661															
1590.25	5.808e-06	82.4084															
1590.14	6.16564e-06	83.1553															
1590.04	6.53311e-06	83.9021															
1589.93	8.24425e-06	84.8716															
1589.83	1.12826e-05	85.9558															
1589.72	1.52765e-05	87.04															
1589.61	2.04786e-05	88.1242															
1589.51	2.71961e-05	89.2084															
1589.4	3.58005e-05	90.2926															
1589.3	4.67385e-05	91.3768															
1589.19	6.05439e-05	92.461															
1589.09	7.78512e-05	93.5452															
1588.98	9.94111e-05	94.6294															
1588.88	0.000126107	95.7136															
1588.77	0.000158976	96.7978															
1588.67	0.000199225	97.882															
1588.56	0.000248261	98.9662															
1588.46	0.000307711	100.05															
1588.35	0.000379453	101.135															
1588.25	0.000465649	102.219															
1588.14	0.000568776	103.303															
1588.04	0.000691663	104.387															
1587.93	0.000837539	105.471															
1587.83	0.00101007	106.555															
1587.72	0.00121341	107.64															
1587.62	0.00145227	108.724															
1587.51	0.00173194	109.808															
1587.41	0.0020584	110.892															
1587.3	0.00243833	111.976															
1587.2	0.00287926	113.06															
1587.09	0.00338958	114.144															
1586.99	0.00397866	115.229															
1586.88	0.00465695	116.313															
1586.78	0.00543605	117.397															
1586.67	0.00632889	118.481															
1586.57	0.00734974	119.565															
1586.46	0.00851444	120.649															
1586.36	0.00984048	121.733															
1586.25	0.0113472	122.817															
1586.15	0.0130557	123.901															
1586.04	0.0149896	124.986															
1585.94	0.0171746	126.07															
1585.83	0.0196389	127.154															
1585.73	0.0224134	128.238															
1585.62	0.0255321	129.322															
1585.52	0.0290322	130.406															
1585.41	0.0329542	131.49															
1585.31	0.0373423	132.574															
1585.2	0.0422449	133.658															
1585.1	0.0477146	134.742															
1585.0	0.0537084	135.827															
1584.89	0.0579848	136.911															
1584.79	0.0625275	137.995															
1584.68	0.067348	139.08															
1584.58	0.0724584	140.164															
1584.47	0.0778709	141.249															
1584.37	0.0835979	142.333															
1584.26	0.0896523	143.417															
1584.16	0.0960471	144.502															
1584.05	0.102795	145.586															
1583.95	0.109911	146.67															
1583.84	0.117407	147.755															
1583.74	0.125298	148.839															
1583.64	0.133599	149.924															
1583.53	0.142323	151.008															
1583.43	0.151485	152.092															
1583.32	0.161101	153.177															
1583.22	0.171186	154.261															
1583.11	0.181754	155.346															
1583.01	0.192823	156.43															
1582.9	0.204407	157.514															
1582.8	0.216522	158.599															
1582.7	0.229185	159.683															
1582.59	0.242413	160.768															
1582.49	0.256222	161.852															
1582.38	0.270629	162.937															
1582.28	0.28565	164.021															
1582.17	0.301304	165.105															
1582.07	0.317607	166.19															
1581.97	0.334577	167.274															
1581.86	0.352231	168.359															
1581.76	0.370587	169.443															
1581.65	0.389664	170.528															
1581.55	0.409478	171.612															
1581.44	0.430049	172.696															
1581.34	0.451394	173.781															
1581.24	0.473531	174.865															
1581.13	0.496478	175.95															
1581.03	0.520255	177.034															
1580.92	0.544878	178.119															
1580.82	0.570367	179.203															
1580.72	0.59674	180.288															
1580.61	0.624014	181.372															
1580.51	0.652209	182.457															
1580.4	0.681341	183.541															
1580.3	0.71143	184.626															
1580.19	0.742492	185.71															
1580.09	0.774545	186.794															
1579.99	0.803292	187.879															
1579.88	0.802529	188.963															
1579.78	0.801451	190.048															
1579.67	0.800062	191.132															
1579.57	0.798363	192.216															
1579.47	0.796359	193.3															
1579.36	0.794052	194.385															
1579.26	0.791446	195.469															
1579.16	0.788545	196.553															
1579.05	0.785353	197.637															
1578.95	0.781873	198.722															
1578.84	0.778111	199.806															
1578.74	0.77407	200.89															
1578.64	0.769755	201.975															
1578.53	0.765171	203.059															
1578.43	0.760322	204.143															
1578.32	0.755215	205.227															
1578.22	0.749853	206.312															
1578.12	0.744242	207.396															
1578.01	0.738388	208.48															
1577.91	0.732296	209.564															
1577.81	0.725971	210.649															
1577.7	0.719421	211.733															
1577.6	0.71265	212.817															
1577.49	0.705664	213.901															
1577.39	0.69847	214.986															
1577.29	0.691073	216.07															
1577.18	0.683481	217.154															
1577.08	0.675699	218.238															
1576.98	0.667734	219.323															
1576.87	0.659592	220.407															
1576.77	0.651281	221.491															
1576.67	0.642806	222.575															
1576.56	0.634176	223.659															
1576.46	0.625396	224.744															
1576.35	0.616473	225.828															
1576.25	0.607415	226.912															
1576.15	0.598229	227.996															
1576.04	0.588922	229.081															
1575.94	0.579501	230.165															
1575.84	0.569973	231.249															
1575.73	0.560346	232.333															
1575.63	0.550627	233.417															
1575.53	0.540823	234.502															
1575.42	0.530943	235.586															
1575.32	0.520992	236.67															
1575.22	0.51098	237.754															
1575.11	0.500913	238.838															
1575.01	0.490799	239.923															
1574.91	0.462139	241.007															
1574.8	0.433077	242.091															
1574.7	0.405571	243.175															
1574.6	0.379553	244.259															
1574.49	0.354957	245.343															
1574.39	0.331719	246.428															
1574.29	0.309778	247.512															
1574.18	0.289074	248.596															
1574.08	0.26955	249.68															
1573.98	0.251151	250.764															
1573.87	0.233823	251.848															
1573.77	0.21751500000000001	252.933															
1573.67	0.202178	254.017															
1573.56	0.187764	255.101															
1573.46	0.174228	256.185															
1573.36	0.161524	257.269															
1573.25	0.149612	258.353															
1573.15	0.138451	259.438															
1573.05	0.128001	260.522															
1572.95	0.118225	261.606															
1572.84	0.109088	262.69															
1572.74	0.100555	263.774															
1572.64	0.0925924	264.858															
1572.53	0.0851695	265.943															
1572.43	0.078256	267.027															
1572.33	0.0718229	268.111															
1572.22	0.0658427	269.195															
1572.12	0.060289	270.279															
1572.02	0.0551368	271.364															
1571.92	0.050362	272.448															
1571.81	0.0459417	273.532															
1571.71	0.0418542	274.616															
1571.61	0.0380788	275.701															
1571.5	0.0345957	276.785															
1571.4	0.0313862	277.869															
1571.3	0.0284325	278.953															
1571.19	0.0257177	280.037															
1571.09	0.0232258	281.122															
1570.99	0.0209416	282.206															
1570.89	0.0188507	283.29															
1570.78	0.0169397	284.374															
1570.68	0.0151955	285.459															
1570.58	0.0136062	286.543															
1570.48	0.0121602	287.627															
1570.37	0.0108469	288.711															
1570.27	0.00965606	289.796															
1570.17	0.00857822	290.88															
1570.06	0.00760441	291.964															
1569.96	0.00661856	293.048															
1569.86	0.00559356	294.133															
1569.76	0.0047139	295.217															
1569.65	0.00396089	296.302															
1569.55	0.00331799	297.386															
1569.45	0.0027706	298.47															
1569.35	0.00230586	299.555															
1569.24	0.00191247	300.639															
1569.14	0.0015805	301.723															
1569.04	0.00130127	302.808															
1568.94	0.00106718	303.892															
1568.83	0.000871637	304.976															
1568.73	0.000708889	306.061															
1568.63	0.000573957	307.145															
1568.52	0.000462539	308.229															
1568.42	0.000370925	309.314															
1568.32	0.00029593	310.398															
1568.22	0.000234825	311.482															
1568.11	0.00018528	312.567															
1568.01	0.000145317	313.651															
1567.91	0.000113257	314.735															
1567.81	8.76842e-05	315.819															
1567.71	6.74098e-05	316.904															
1567.6	5.1439e-05	317.988															
1567.5	3.89436e-05	319.072															
1567.4	2.92377e-05	320.157															
1567.3	2.17562e-05	321.241															
1567.19	1.60363e-05	322.325															
1567.09	1.17012e-05	323.41															
1566.99	8.44612e-06	324.494															
1566.89	6.02623e-06	325.578															
1566.78	4.24643e-06	326.663															
1566.68	2.95239e-06	327.747															
1566.58	2.02318e-06	328.831															
1566.48	1.36483e-06	329.915															
1566.38	9.05159e-07	331.0															
1566.27	5.89255e-07	332.084															
1566.17	3.75885e-07	333.168															
1566.07	2.34483e-07	334.252															
1565.97	1.42714e-07	335.336															
1565.86	8.45201e-08	336.421															
1565.76	4.85538e-08	337.505															
1565.66	2.69553e-08	338.589															
1565.56	1.43979e-08	339.673															
1565.46	7.35989e-09	340.757															
1565.35	3.57702e-09	341.841															
1565.25	1.6396e-09	342.925															
1565.15	7.0161e-10	344.009															
1565.05	2.76633e-10	345.093															
1564.95	2.44329e-10	346.005															
1564.84	4.46185e-10	346.769															
1564.74	7.86567e-10	347.533															
1564.64	1.34358e-09	348.297															
1564.54	2.23079e-09	349.061															
1564.44	3.60983e-09	349.824															
1564.33	5.70612e-09	350.587															
1564.23	8.82837e-09	351.351															
1564.13	1.33923e-08	352.114															
1564.03	1.99493e-08	352.877															
1563.93	2.92202e-08	353.64															
1563.82	4.21354e-08	354.403															
1563.72	5.98819e-08	355.167															
1563.62	8.39584e-08	355.93															
1563.52	1.16239e-07	356.694															
1563.42	1.59052e-07	357.459															
1563.31	2.15264e-07	358.224															
1563.21	2.88392e-07	358.989															
1563.11	3.82732e-07	359.755															
1563.01	5.03511e-07	360.521															
1562.91	6.57081e-07	361.289															
1562.81	8.51152e-07	362.056															
1562.7	1.09508e-06	362.825															
1562.6	1.40021e-06	363.594															
1562.5	1.78034e-06	364.363															
1562.4	2.25219e-06	365.133															
1562.3	2.8361e-06	365.904															
1562.19	3.55678e-06	366.675															
1562.09	4.4442e-06	367.446															
1561.99	5.53469e-06	368.218															
1561.89	6.87221e-06	368.989															
1561.79	8.50973e-06	369.76															
1561.69	1.05109e-05	370.531															
1561.59	1.29517e-05	371.301															
1561.48	1.59226e-05	372.071															
1561.38	1.95303e-05	372.84															
1561.28	2.38998e-05	373.608															
1561.18	2.91763e-05	374.375															
1561.08	3.55267e-05	375.141															
1560.98	4.31412e-05	375.905															
1560.87	5.22335e-05	376.669															
1560.77	6.30406e-05	377.431															
1560.67	7.58218e-05	378.191															
1560.57	9.08555e-05	378.95															
1560.47	0.000108436	379.708															
1560.37	0.000128865	380.464															
1560.27	0.00015245	381.22															
1560.16	0.000179487	381.974															
1560.06	0.000210256	382.727															
1559.96	0.00025047	383.607															
1559.86	0.000307458	384.691															
1559.76	0.000375512	385.775															
1559.66	0.000456429	386.859															
1559.56	0.000552238	387.944															
1559.45	0.000665232	389.028															
1559.35	0.000797991	390.112															
1559.25	0.000953404	391.196															
1559.15	0.00113471	392.28															
1559.05	0.00134553	393.364															
1558.95	0.00158987	394.449															
1558.85	0.00187222	395.533															
1558.75	0.00219754	396.617															
1558.64	0.0025713	397.701															
1558.54	0.00299958	398.785															
1558.44	0.00348906	399.87															
1558.34	0.00404708	400.954															
1558.24	0.00468174	402.038															
1558.14	0.00540189	403.122															
1558.04	0.00621724	404.206															
1557.94	0.0071384	405.29															
1557.83	0.00817697	406.375															
1557.73	0.00934558	407.459															
1557.63	0.010658	408.543															
1557.53	0.0121292	409.627															
1557.43	0.0137754	410.711															
1557.33	0.0156143	411.796															
1557.23	0.0176651	412.88															
1557.13	0.0199483	413.964															
1557.03	0.0224865	415.048															
1556.93	0.0253038	416.132															
1556.82	0.0284263	417.216															
1556.72	0.0318822	418.301															
1556.62	0.0357018	419.385															
1556.52	0.0399178	420.469															
1556.42	0.0445653	421.553															
1556.32	0.049682	422.637															
1556.22	0.0553084	423.721															
1556.12	0.061488	424.806															
1556.02	0.0682673	425.89															
1555.92	0.0756963	426.974															
1555.81	0.0838283	428.058															
1555.71	0.0927204	429.142															
1555.61	0.102434	430.226															
1555.51	0.113033	431.31															
1555.41	0.124589	432.395															
1555.31	0.137174	433.479															
1555.21	0.150869	434.563															
1555.11	0.165757	435.647															
1555.01	0.181927	436.731															
1554.91	0.191547	437.815															
1554.81	0.200776	438.899															
1554.71	0.210293	439.983															
1554.61	0.2201	441.067															
1554.5	0.2302	442.151															
1554.4	0.240595	443.236															
1554.3	0.251286	444.32															
1554.2	0.262275	445.404															
1554.1	0.273563	446.488															
1554.0	0.285152	447.572															
1553.9	0.297043	448.656															
1553.8	0.309235	449.74															
1553.7	0.32173	450.824															
1553.6	0.334527	451.908															
1553.5	0.347627	452.992															
1553.4	0.361029	454.076															
1553.3	0.374732	455.16															
1553.2	0.388736	456.245															
1553.1	0.40304	457.329															
1553.0	0.417642	458.413															
1552.9	0.432539	459.497															
1552.8	0.447732	460.581															
1552.69	0.463216	461.665															
1552.59	0.478989	462.749															
1552.49	0.495049	463.833															
1552.39	0.511393	464.917															
1552.29	0.528016	466.001															
1552.19	0.544915	467.085															
1552.09	0.562085	468.169															
1551.99	0.579523	469.254															
1551.89	0.597223	470.338															
1551.79	0.61518	471.422															
1551.69	0.633389	472.506															
1551.59	0.651844	473.59															
1551.49	0.670538	474.674															
1551.39	0.689464	475.758															
1551.29	0.708617	476.842															
1551.19	0.727988	477.926															
1551.09	0.74757	479.01															
1550.99	0.767355	480.095															
1550.89	0.787333	481.179															
1550.79	0.807497	482.263															
1550.69	0.827836	483.347															
1550.59	0.848342	484.431															
1550.49	0.869003	485.515															
1550.39	0.88981	486.599															
1550.29	0.910752	487.683															
1550.19	0.931816	488.767															
1550.09	0.952992	489.852															
1549.99	0.96871	490.936															
1549.89	0.947022	492.02															
1549.79	0.925459	493.104															
1549.69	0.904032	494.188															
1549.59	0.882754	495.273															
1549.49	0.861635	496.357															
1549.39	0.840688	497.441															
1549.29	0.819921	498.525															
1549.19	0.799345	499.61															
1549.09	0.778969	500.694															
1548.99	0.758802	501.778															
1548.89	0.738852	502.863															
1548.79	0.719127	503.947															
1548.69	0.699634	505.031															
1548.59	0.680381	506.116															
1548.49	0.661374	507.2															
1548.39	0.642619	508.284															
1548.29	0.624122	509.368															
1548.19	0.605888	510.453															
1548.09	0.587923	511.537															
1547.99	0.57023	512.621															
1547.89	0.552815	513.706															
1547.79	0.535681	514.79															
1547.69	0.518833	515.874															
1547.59	0.502272	516.959															
1547.49	0.486003	518.043															
1547.39	0.470027	519.127															
1547.29	0.454348	520.211															
1547.19	0.438968	521.296															
1547.09	0.423888	522.38															
1546.99	0.40911	523.464															
1546.89	0.394635	524.549															
1546.79	0.380464	525.633															
1546.69	0.366599	526.717															
1546.59	0.35304	527.802															
1546.49	0.339786	528.886															
1546.39	0.326839	529.97															
1546.29	0.314197	531.054															
1546.19	0.301861	532.139															
1546.09	0.28983	533.223															
1545.99	0.278103	534.307															
1545.89	0.26668	535.392															
1545.79	0.255558	536.476															
1545.69	0.244736	537.56															
1545.6	0.234213	538.645															
1545.5	0.223987	539.729															
1545.4	0.214056	540.813															
1545.3	0.204417	541.897															
1545.2	0.195068	542.982															
1545.1	0.186006	544.066															
1545.0	0.177076	545.15															
1544.9	0.161231	546.234															
1544.8	0.146651	547.319															
1544.7	0.133248	548.403															
1544.6	0.120938	549.487															
1544.5	0.109643	550.571															
1544.4	0.0992885	551.655															
1544.3	0.089806	552.739															
1544.2	0.0811307	553.824															
1544.1	0.0732023	554.908															
1544.0	0.0659642	555.992															
1543.9	0.0593637	557.076															
1543.81	0.0533514	558.16															
1543.71	0.0478814	559.244															
1543.61	0.0429107	560.328															
1543.51	0.0383994	561.413															
1543.41	0.0343103	562.497															
1543.31	0.0306087	563.581															
1543.21	0.0272625	564.665															
1543.11	0.0242419	565.749															
1543.01	0.021519	566.833															
1542.91	0.0190683	567.917															
1542.81	0.016866	569.002															
1542.71	0.0148899	570.086															
1542.61	0.0131199	571.17															
1542.52	0.0115371	572.254															
1542.42	0.0101243	573.338															
1542.32	0.00886546	574.422															
1542.22	0.00774595	575.506															
1542.12	0.00675231	576.591															
1542.02	0.00587217	577.675															
1541.92	0.00509421	578.759															
1541.82	0.00440806	579.843															
1541.72	0.00380427	580.927															
1541.62	0.0032742	582.011															
1541.52	0.00280999	583.096															
1541.43	0.00240447	584.18															
1541.33	0.00205118	585.264															
1541.23	0.00174421	586.348															
1541.13	0.00147827	587.432															
1541.03	0.00124856	588.516															
1540.93	0.00105075	589.601															
1540.83	0.000880965	590.685															
1540.73	0.000735728	591.769															
1540.63	0.000611926	592.853															
1540.54	0.000506786	593.937															
1540.44	0.000417839	595.021															
1540.34	0.000342894	596.106															
1540.24	0.000280015	597.19															
1540.14	0.000227493	598.274															
1540.04	0.000183826	599.358															
1539.94	0.000155656	600.478															
1539.84	0.000136458	601.625															
1539.74	0.000119415	602.771															
1539.65	0.000104308	603.917															
1539.55	9.0938e-05	605.063															
1539.45	7.91247e-05	606.209															
1539.35	6.87052e-05	607.355															
1539.25	5.95316e-05	608.501															
1539.15	5.14702e-05	609.647															
1539.05	4.44002e-05	610.793															
1538.95	3.82123e-05	611.939															
1538.86	3.28081e-05	613.085															
1538.76	2.80986e-05	614.231															
1538.66	2.40041e-05	615.377															
1538.56	2.04527e-05	616.523															
1538.46	1.73799e-05	617.669															
1538.36	1.47279e-05	618.815															
1538.26	1.24451e-05	619.961															
1538.17	1.04854e-05	621.107															
1538.07	8.8076e-06	622.254															
1537.97	7.37533e-06	623.4															
1537.87	6.15618e-06	624.546															
1537.77	5.12155e-06	625.693															
1537.67	4.24621e-06	626.839															
1537.57	3.50799e-06	627.986															
1537.48	2.88744e-06	629.132															
1537.38	2.36755e-06	630.279															
1537.28	1.93353e-06	631.425															
1537.18	1.57249e-06	632.572															
1537.08	1.27329e-06	633.719															
1536.98	1.02632e-06	634.865															
1536.89	8.23279e-07	636.011															
1536.79	6.57082e-07	637.158															
1536.69	5.21653e-07	638.304															
1536.59	4.1182e-07	639.45															
1536.49	3.23193e-07	640.597															
1536.39	2.52057e-07	641.743															
1536.29	1.9528e-07	642.889															
1536.2	1.50236e-07	644.035															
1536.1	1.14726e-07	645.18															
1536.0	8.69219e-08	646.326															
1535.9	6.53071e-08	647.472															
1535.8	4.86333e-08	648.618															
1535.71	3.58758e-08	649.763															
1535.61	2.61998e-08	650.909															
1535.51	1.89296e-08	652.055															
1535.41	1.35211e-08	653.201															
1535.31	9.54062e-09	654.347															
1535.21	6.64441e-09	655.493															
1535.12	4.56289e-09	656.639															
1535.02	3.08653e-09	657.786															
1534.92	5.27826e-09	658.882															
1534.82	1.05473e-08	659.966															
1534.72	2.01114e-08	661.051															
1534.62	3.68081e-08	662.135															
1534.53	6.49735e-08	663.219															
1534.43	1.11063e-07	664.303															
1534.33	1.84466e-07	665.388															
1534.23	2.98561e-07	666.472															
1534.13	4.72054e-07	667.556															
1534.04	7.30672e-07	668.64															
1533.94	1.10926e-06	669.724															
1533.84	1.65437e-06	670.808															
1533.74	2.42742e-06	671.892															
1533.64	3.50849e-06	672.976															
1533.55	5.00087e-06	674.06															
1533.45	7.03663e-06	675.144															
1533.35	9.78286e-06	676.228															
1533.25	1.34494e-05	677.312															
1533.15	1.82978e-05	678.396															
1533.06	2.46512e-05	679.48															
1532.96	3.29069e-05	680.564															
1532.86	4.35496e-05	681.648															
1532.76	5.71675e-05	682.732															
1532.66	7.44703e-05	683.816															
1532.57	9.631e-05	684.9															
1532.47	0.000123704	685.984															
1532.37	0.000157862	687.068															
1532.27	0.000200216	688.152															
1532.18	0.000252453	689.236															
1532.08	0.000316554	690.32															
1531.98	0.000394838	691.403															
1531.88	0.000490005	692.487															
1531.78	0.000605194	693.571															
1531.69	0.00074404	694.655															
1531.59	0.000910736	695.739															
1531.49	0.00111011	696.823															
1531.39	0.00134772	697.907															
1531.3	0.00162989	698.991															
1531.2	0.00196389	700.074															
1531.1	0.00235798	701.158															
1531.0	0.00282154	702.242															
1530.91	0.00336523	703.326															
1530.81	0.00400111	704.41															
1530.71	0.0047428	705.494															
1530.61	0.00560566	706.577															
1530.51	0.00660697	707.661															
1530.42	0.00776617	708.745															
1530.32	0.00910502	709.829															
1530.22	0.0106479	710.913															
1530.12	0.0124222	711.997															
1530.03	0.0144582	713.081															
1529.93	0.0162451	714.165															
1529.83	0.0179935	715.249															
1529.73	0.0198958	716.333															
1529.64	0.0219626	717.417															
1529.54	0.0242049	718.501															
1529.44	0.0266344	719.585															
1529.34	0.0292631	720.669															
1529.25	0.0321036	721.753															
1529.15	0.0351694	722.837															
1529.05	0.0384741	723.921															
1528.95	0.0420323	725.005															
1528.86	0.045859	726.089															
1528.76	0.04997	727.173															
1528.66	0.0543816	728.257															
1528.57	0.0591108	729.341															
1528.47	0.0641754	730.425															
1528.37	0.0695938	731.51															
1528.27	0.0753852	732.594															
1528.18	0.0815694	733.678															
1528.08	0.0881671	734.762															
1527.98	0.0951998	735.846															
1527.88	0.10269	736.93															
1527.79	0.110659	738.014															
1527.69	0.119133	739.098															
1527.59	0.128136	740.182															
1527.49	0.137692	741.267															
1527.4	0.147829	742.351															
1527.3	0.158574	743.435															
1527.2	0.169955	744.519															
1527.11	0.182001	745.603															
1527.01	0.194742	746.687															
1526.91	0.20821	747.771															
1526.81	0.222435	748.856															
1526.72	0.237451	749.94															
1526.62	0.253292	751.024															
1526.52	0.269993	752.108															
1526.43	0.287589	753.192															
1526.33	0.306119	754.276															
1526.23	0.325619	755.36															
1526.14	0.346128	756.445															
1526.04	0.367688	757.529															
1525.94	0.390339	758.613															
1525.84	0.414123	759.697															
1525.75	0.439083	760.781															
1525.65	0.465265	761.865															
1525.55	0.492713	762.95															
1525.46	0.521474	764.034															
1525.36	0.551596	765.118															
1525.26	0.583127	766.202															
1525.17	0.616118	767.286															
1525.07	0.650618	768.37															
1524.97	0.677479	769.454															
1524.87	0.682759	770.539															
1524.78	0.68779	771.623															
1524.68	0.692566	772.707															
1524.58	0.697084	773.791															
1524.49	0.70134	774.875															
1524.39	0.705329	775.959															
1524.29	0.709049	777.043															
1524.2	0.712496	778.127															
1524.1	0.715667	779.212															
1524.0	0.71856	780.296															
1523.91	0.721171	781.38															
1523.81	0.723499	782.464															
1523.71	0.725541	783.548															
1523.62	0.727297	784.632															
1523.52	0.728764	785.716															
1523.42	0.729942	786.8															
1523.33	0.730829	787.884															
1523.23	0.731425	788.968															
1523.13	0.73173	790.052															
1523.04	0.731745	791.136															
1522.94	0.731468	792.22															
1522.84	0.730902	793.304															
1522.75	0.730046	794.388															
1522.65	0.728903	795.473															
1522.55	0.727473	796.557															
1522.46	0.725758	797.641															
1522.36	0.72376	798.725															
1522.26	0.721482	799.809															
1522.17	0.718925	800.893															
1522.07	0.716092	801.977															
1521.97	0.712987	803.061															
1521.88	0.709612	804.145															
1521.78	0.705971	805.229															
1521.68	0.702067	806.313															
1521.59	0.697903	807.397															
1521.49	0.693484	808.481															
1521.39	0.688813	809.565															
1521.3	0.683895	810.649															
1521.2	0.678734	811.734															
1521.11	0.673334	812.818															
1521.01	0.6677	813.902															
1520.91	0.661837	814.986															
1520.82	0.65575	816.07															
1520.72	0.649444	817.154															
1520.62	0.642923	818.238															
1520.53	0.636194	819.322															
1520.43	0.629262	820.406															
1520.33	0.622131	821.49															
1520.24	0.614809	822.574															
1520.14	0.607301	823.659															
1520.05	0.599613	824.743															
1519.95	0.577535	825.827															
1519.85	0.543922	826.911															
1519.76	0.51196	827.995															
1519.66	0.481582	829.079															
1519.56	0.452726	830.163															
1519.47	0.425329	831.247															
1519.37	0.399333	832.331															
1519.28	0.374679	833.415															
1519.18	0.351312	834.499															
1519.08	0.329176	835.583															
1518.99	0.30822	836.667															
1518.89	0.288393	837.751															
1518.8	0.269644	838.835															
1518.7	0.251927	839.919															
1518.6	0.235195	841.003															
1518.51	0.219403	842.087															
1518.41	0.20451	843.171															
1518.31	0.190473	844.255															
1518.22	0.177252	845.339															
1518.12	0.164808	846.423															
1518.03	0.153105	847.507															
1517.93	0.142106	848.591															
1517.83	0.131776	849.675															
1517.74	0.122084	850.759															
1517.64	0.112996	851.843															
1517.55	0.104482	852.927															
1517.45	0.0965123	854.011															
1517.35	0.0890586	855.095															
1517.26	0.0820935	856.179															
1517.16	0.075591	857.263															
1517.07	0.069526	858.347															
1516.97	0.0638744	859.431															
1516.88	0.0586134	860.515															
1516.78	0.0537207	861.599															
1516.68	0.0491754	862.683															
1516.59	0.0449574	863.767															
1516.49	0.0410473	864.851															
1516.4	0.0374268	865.935															
1516.3	0.0340784	867.019															
1516.2	0.0309853	868.103															
1516.11	0.0281317	869.187															
1516.01	0.0255023	870.271															
1515.92	0.0230827	871.355															
1515.82	0.0208592	872.439															
1515.73	0.0188188	873.523															
1515.63	0.0169491	874.607															
1515.53	0.0152384	875.69															
1515.44	0.0136755	876.774															
1515.34	0.0122501	877.858															
1515.25	0.0109521	878.942															
1515.15	0.00977213	880.026															
1515.06	0.00870139	881.11															
1514.96	0.00758284	882.194															
1514.86	0.00641394	883.279															
1514.77	0.00541018	884.363															
1514.67	0.00455037	885.447															
1514.58	0.00381577	886.531															
1514.48	0.00318982	887.615															
1514.39	0.00265794	888.699															
1514.29	0.0022073	889.784															
1514.2	0.00182664	890.868															
1514.1	0.00150613	891.952															
1514.0	0.00123712	893.036															
1513.91	0.00101213	894.12															
1513.81	0.000824623	895.205															
1513.72	0.000668941	896.289															
1513.62	0.00054019	897.373															
1513.53	0.000434147	898.457															
1513.43	0.000347184	899.541															
1513.34	0.00027619	900.626															
1513.24	0.000218508	901.71															
1513.15	0.000171874	902.794															
1513.05	0.000134372	903.878															
1512.95	0.00010438	904.963															
1512.86	8.0534e-05	906.047															
1512.76	6.16918e-05	907.131															
1512.67	4.69009e-05	908.215															
1512.57	3.53704e-05	909.3															
1512.48	2.64477e-05	910.384															
1512.38	1.9597e-05	911.468															
1512.29	1.43809e-05	912.553															
1512.19	1.04446e-05	913.637															
1512.1	7.50223e-06	914.722															
1512.0	5.32523e-06	915.806															
1511.91	3.73206e-06	916.891															
1511.81	2.57985e-06	917.975															
1511.72	1.75708e-06	919.059															
1511.62	1.17761e-06	920.144															
1511.53	7.75564e-07	921.229															
1511.43	5.01126e-07	922.313															
1511.34	3.17104e-07	923.398															
1511.24	1.961e-07	924.483															
1511.14	1.18232e-07	925.567															
1511.05	6.93029e-08	926.652															
1510.95	3.9364900000000003e-08	927.737															
1510.86	2.15834e-08	928.822															
1510.76	1.13703e-08	929.908															
1510.67	5.72311e-09	930.993															
1510.57	2.73355e-09	932.079															
1510.48	1.22847e-09	933.164															
1510.38	5.13912e-10	934.25															
1510.29	1.97387e-10	935.337															
1510.19	6.83587e-11	936.424															
1510.1	2.08314e-11	937.512															
1510.0	5.3997e-12	938.601															
1509.91	1.41075e-11	939.961															
1509.81	3.67304e-11	941.335															
1509.72	8.7699e-11	942.711															
1509.62	1.94781e-10	944.089															
1509.53	4.06857e-10	945.468															
1509.43	8.06157e-10	946.848															
1509.34	1.52571e-09	948.23															
1509.24	2.77352e-09	949.612															
1509.15	4.8652e-09	950.994															
1509.05	8.267e-09	952.377															
1508.96	1.36516e-08	953.76															
1508.86	2.19689e-08	955.144															
1508.77	3.45345e-08	956.528															
1508.67	5.31393e-08	957.911															
1508.58	8.01829e-08	959.295															
1508.49	1.18835e-07	960.678															
1508.39	1.73231e-07	962.061															
1508.3	2.48704e-07	963.444															
1508.2	3.52063e-07	964.826															
1508.11	4.91928e-07	966.207															
1508.01	6.79135e-07	967.588															
1507.92	9.27218e-07	968.968															
1507.82	1.253e-06	970.347															
1507.73	1.67733e-06	971.725															
1507.63	2.22596e-06	973.103															
1507.54	2.93063e-06	974.479															
1507.44	3.83045e-06	975.855															
1507.35	4.97359e-06	977.23															
1507.25	6.41926e-06	978.604															
1507.16	8.24032e-06	979.978															
1507.06	1.05263e-05	981.351															
1506.97	1.33872e-05	982.725															
1506.88	1.69577e-05	984.098															
1506.78	2.14026e-05	985.471															
1506.69	2.69229e-05	986.844															
1506.59	3.37626e-05	988.218															
1506.5	4.2217e-05	989.593															
1506.4	5.26409e-05	990.968															
1506.31	6.54585e-05	992.345															
1506.21	8.11729e-05	993.723															
1506.12	0.000100376	995.102															
1506.02	0.000123758	996.482															
1505.93	0.000152116	997.865															
1505.84	0.000186357	999.248															
1505.74	0.000227507	1000.63															
1505.65	0.000276703	1002.02															
1505.55	0.000335188	1003.41															
1505.46	0.000404297	1004.8															
1505.36	0.000485434	1006.19															
1505.27	0.00058004	1007.59															
1505.17	0.000689547	1008.98															
1505.08	0.000815329	1010.38															
1504.99	0.000960175	1011.73															
1504.89	0.00113535	1012.81															
1504.8	0.00133763	1013.89															
1504.7	0.00157046	1014.98															
1504.61	0.00183767	1016.06															
1504.51	0.00214344	1017.15															
1504.42	0.00249237	1018.23															
1504.32	0.00288948	1019.32															
1504.23	0.00334028	1020.4															
1504.14	0.00385075	1021.48															
1504.04	0.00442743	1022.57															
1503.95	0.00507741	1023.65															
1503.85	0.00580839	1024.74															
1503.76	0.00662871	1025.82															
1503.67	0.00754742	1026.9															
1503.57	0.00857427	1027.99															
1503.48	0.00971978	1029.07															
1503.38	0.0109953	1030.16															
1503.29	0.0124131	1031.24															
1503.19	0.0139863	1032.32															
1503.1	0.015729	1033.41															
1503.01	0.0176563	1034.49															
1502.91	0.0197845	1035.58															
1502.82	0.0221309	1036.66															
1502.72	0.0247141	1037.74															
1502.63	0.0275541	1038.83															
1502.54	0.0306718	1039.91															
1502.44	0.0340901	1041.0															
1502.35	0.037833	1042.08															
1502.25	0.041926	1043.16															
1502.16	0.0463966	1044.25															
1502.07	0.0512738	1045.33															
1501.97	0.0565883	1046.42															
1501.88	0.062373	1047.5															
1501.78	0.0686624	1048.58															
1501.69	0.0754936	1049.67															
1501.6	0.0829053	1050.75															
1501.5	0.090939	1051.84															
1501.41	0.0996384	1052.92															
1501.31	0.109049	1054.0															
1501.22	0.119221	1055.09															
1501.13	0.130205	1056.17															
1501.03	0.142056	1057.26															
1500.94	0.15483	1058.34															
1500.84	0.168589	1059.43															
1500.75	0.183397	1060.51															
1500.66	0.19932	1061.59															
1500.56	0.21643	1062.68															
1500.47	0.2348	1063.76															
1500.38	0.254509	1064.85															
1500.28	0.27564	1065.93															
1500.19	0.298278	1067.01															
1500.09	0.322516	1068.1															
